numero arquivos;Não Encontrados;% Não Encontrados;Acertos em documentos definidos;Total Definido;Acurácia em Definidos;Acurácia Global
2263;35;0.015466195315952275;1113;2228;0.4995511669658887;0.4918250110472824

matriz de confusao
 acq bop cocoa coffee corn cpi crude dlr earn gnp gold grain interest livestock money-fx money-supply nat-gas oilseed reserves ship soybean sugar trade veg-oil wheat
acq 27 2 0 7 0 0 1 0 30 2 6 0 1 0 0 0 5 0 0 0 0 0 0 0 0
bop 0 51 0 3 0 0 0 0 9 10 0 0 1 0 0 0 0 0 0 0 0 0 1 0 0
cocoa 0 0 44 7 0 0 0 0 1 0 0 0 0 0 0 0 0 0 0 0 0 0 3 0 0
coffee 0 0 0 91 0 0 0 0 2 0 0 0 2 0 0 0 0 0 0 1 0 0 4 0 0
corn 0 0 0 21 34 0 0 0 13 3 0 3 1 0 0 0 0 0 1 0 0 12 4 0 8
cpi 0 2 0 9 0 11 3 0 1 33 0 0 5 0 0 2 0 0 0 0 0 0 0 0 0
crude 0 0 0 2 0 0 68 0 6 1 0 0 0 0 1 0 12 0 0 8 0 0 2 0 0
dlr 0 1 0 3 0 0 0 66 1 2 0 0 14 0 0 3 0 0 0 0 0 0 9 0 0
earn 0 3 0 1 0 0 0 0 88 4 0 0 1 0 0 0 0 0 0 0 0 0 0 1 0
gnp 0 8 0 4 0 0 0 0 6 72 0 0 8 0 0 1 0 0 0 0 0 0 1 0 0
gold 0 0 0 0 0 0 0 0 0 0 94 0 0 0 0 0 0 0 0 0 0 0 0 0 0
grain 0 0 0 23 14 0 0 0 11 2 0 8 1 0 0 0 0 1 0 2 1 11 2 0 24
interest 0 3 0 0 0 0 0 1 14 3 0 0 61 0 0 14 0 0 3 0 0 0 0 0 0
livestock 0 0 0 13 0 0 0 0 7 1 0 0 0 48 0 0 0 0 0 1 0 2 2 0 0
money-fx 0 4 0 3 0 0 0 23 16 3 1 0 31 0 5 7 0 0 2 0 0 0 1 0 0
money-supply 0 30 0 2 0 1 0 0 32 10 0 0 11 0 0 12 0 0 1 0 0 0 0 0 0
nat-gas 0 0 0 1 0 0 17 0 3 0 0 0 0 0 0 0 52 0 0 0 0 2 0 0 0
oilseed 0 0 0 27 8 0 3 1 10 4 0 3 1 0 0 0 0 3 0 1 13 13 2 2 9
reserves 0 30 0 1 0 0 0 0 5 1 2 0 6 0 0 0 0 0 10 0 0 0 0 0 0
ship 0 1 0 13 2 0 2 0 7 1 0 4 0 0 0 0 0 0 0 59 0 6 2 0 0
soybean 0 0 0 14 9 0 1 1 10 4 0 2 1 0 0 0 0 3 0 0 17 8 1 0 7
sugar 0 0 0 11 2 0 0 0 3 0 0 0 0 0 0 0 1 0 0 1 0 78 4 0 0
trade 0 19 0 10 0 0 2 3 6 5 0 0 2 1 1 0 0 0 0 0 0 0 51 0 0
veg-oil 0 0 0 16 1 0 18 0 12 0 0 1 0 0 0 0 0 0 0 0 5 7 5 21 1
wheat 0 0 0 23 4 0 0 0 13 1 0 2 2 0 0 0 0 0 1 0 1 8 3 0 42
 
precision
acq: 0.3333333333333333
bop: 0.68
cocoa: 0.8
coffee: 0.91
corn: 0.34
cpi: 0.16666666666666666
crude: 0.68
dlr: 0.6666666666666666
earn: 0.8979591836734694
gnp: 0.72
gold: 1.0
grain: 0.08
interest: 0.6161616161616161
livestock: 0.6486486486486487
money-fx: 0.052083333333333336
money-supply: 0.12121212121212122
nat-gas: 0.6933333333333334
oilseed: 0.03
reserves: 0.18181818181818182
ship: 0.6082474226804123
soybean: 0.21794871794871795
sugar: 0.78
trade: 0.51
veg-oil: 0.2413793103448276
wheat: 0.42
 
recall
acq: 1.0
bop: 0.33116883116883117
cocoa: 1.0
coffee: 0.2983606557377049
corn: 0.4594594594594595
cpi: 0.9166666666666666
crude: 0.591304347826087
dlr: 0.6947368421052632
earn: 0.2875816993464052
gnp: 0.4444444444444444
gold: 0.912621359223301
grain: 0.34782608695652173
interest: 0.40939597315436244
livestock: 0.9795918367346939
money-fx: 0.7142857142857143
money-supply: 0.3076923076923077
nat-gas: 0.7428571428571429
oilseed: 0.42857142857142855
reserves: 0.5555555555555556
ship: 0.8082191780821918
soybean: 0.4594594594594595
sugar: 0.5306122448979592
trade: 0.5257731958762887
veg-oil: 0.875
wheat: 0.46153846153846156
