numero arquivos;Não Encontrados;% Não Encontrados;Acertos em documentos definidos;Total Definido;Acurácia em Definidos;Acurácia Global
2263;304;0.13433495360141406;1010;1959;0.5155691679428279;0.44631020768890856

matriz de confusao
 acq bop cocoa coffee corn cpi crude dlr earn gnp gold grain interest livestock money-fx money-supply nat-gas oilseed reserves ship soybean sugar trade veg-oil wheat
acq 7 8 0 0 2 11 0 0 1 0 6 0 3 0 0 0 4 0 2 0 0 0 0 0 0
bop 0 70 0 0 0 1 0 0 0 1 0 0 1 0 0 0 0 0 0 0 0 0 0 0 0
cocoa 0 1 49 3 0 1 0 0 0 0 0 0 0 0 0 0 0 1 0 0 0 0 0 0 0
coffee 0 4 3 86 0 4 0 0 0 0 0 0 2 0 0 0 0 0 0 0 0 0 0 1 0
corn 0 1 0 0 46 6 0 0 0 0 0 10 1 0 0 0 0 5 1 0 8 0 0 0 16
cpi 0 6 0 0 0 56 0 1 0 1 0 0 1 0 0 1 0 0 0 0 0 0 0 0 0
crude 0 10 0 0 0 19 19 0 0 0 0 0 3 0 1 0 15 0 4 1 0 0 0 0 0
dlr 0 6 0 0 0 1 0 54 0 0 0 0 27 0 0 6 0 0 0 0 0 0 1 0 1
earn 0 13 0 0 0 4 0 0 43 0 0 1 3 0 0 0 2 0 0 0 0 0 0 1 0
gnp 0 28 0 1 0 13 0 3 0 37 0 0 15 0 0 0 0 0 1 0 0 0 0 0 0
gold 0 0 0 0 0 5 0 0 0 0 84 0 0 0 0 0 0 0 5 0 0 0 0 0 0
grain 0 2 0 0 17 6 0 0 0 0 0 20 1 0 0 0 0 3 0 0 4 0 0 0 42
interest 0 11 0 0 0 2 0 1 0 1 0 0 56 0 1 14 0 0 3 0 0 0 0 0 0
livestock 0 0 0 0 10 8 0 0 0 0 0 2 0 24 0 0 0 0 0 0 0 1 0 0 1
money-fx 0 11 0 1 0 4 0 20 0 1 0 0 39 0 6 7 0 0 2 0 0 0 0 0 0
money-supply 0 40 0 0 0 2 0 1 0 1 0 0 17 0 0 29 0 0 6 0 0 0 0 0 0
nat-gas 0 5 0 0 0 11 2 0 0 0 0 0 0 0 0 0 49 0 7 0 0 1 0 0 0
oilseed 0 2 0 0 10 9 0 0 0 0 0 8 0 0 0 0 0 7 0 0 37 1 0 3 8
reserves 0 32 0 0 0 0 0 0 0 0 0 0 4 0 0 0 0 0 19 0 0 0 0 0 0
ship 0 4 0 1 2 5 0 0 0 0 0 11 3 0 0 0 0 0 0 9 0 4 0 2 2
soybean 0 1 0 1 10 6 0 0 0 0 0 3 0 0 0 0 0 6 0 0 43 0 0 2 5
sugar 0 0 2 1 4 7 0 0 0 0 0 0 0 0 0 0 0 2 0 0 0 80 0 1 2
trade 0 44 0 0 2 1 0 6 0 3 0 1 4 0 4 0 0 0 0 0 0 0 11 0 0
veg-oil 0 4 0 0 6 9 0 0 0 0 0 2 0 0 0 0 0 0 1 0 17 0 0 30 5
wheat 0 4 0 0 5 4 0 0 0 0 0 5 0 0 0 0 0 0 1 0 4 0 0 0 76
 
precision
acq: 0.1590909090909091
bop: 0.958904109589041
cocoa: 0.8909090909090909
coffee: 0.86
corn: 0.48936170212765956
cpi: 0.8484848484848485
crude: 0.2638888888888889
dlr: 0.5625
earn: 0.6417910447761194
gnp: 0.37755102040816324
gold: 0.8936170212765957
grain: 0.21052631578947367
interest: 0.6292134831460674
livestock: 0.5217391304347826
money-fx: 0.06593406593406594
money-supply: 0.3020833333333333
nat-gas: 0.6533333333333333
oilseed: 0.08235294117647059
reserves: 0.34545454545454546
ship: 0.20930232558139536
soybean: 0.5584415584415584
sugar: 0.8080808080808081
trade: 0.14473684210526316
veg-oil: 0.40540540540540543
wheat: 0.7676767676767676
 
recall
acq: 1.0
bop: 0.2280130293159609
cocoa: 0.9074074074074074
coffee: 0.9148936170212766
corn: 0.40350877192982454
cpi: 0.28717948717948716
crude: 0.9047619047619048
dlr: 0.627906976744186
earn: 0.9772727272727273
gnp: 0.8222222222222222
gold: 0.9333333333333333
grain: 0.31746031746031744
interest: 0.3111111111111111
livestock: 1.0
money-fx: 0.5
money-supply: 0.5087719298245614
nat-gas: 0.7
oilseed: 0.2916666666666667
reserves: 0.36538461538461536
ship: 0.9
soybean: 0.3805309734513274
sugar: 0.9195402298850575
trade: 0.9166666666666666
veg-oil: 0.75
wheat: 0.4810126582278481
