numero arquivos;Não Encontrados;% Não Encontrados;Acertos em documentos definidos;Total Definido;Acurácia em Definidos;Acurácia Global
2263;141;0.062306672558550595;1116;2122;0.525918944392083;0.4931506849315068

matriz de confusao
 acq bop cocoa coffee corn cpi crude dlr earn gnp gold grain interest livestock money-fx money-supply nat-gas oilseed reserves ship soybean sugar trade veg-oil wheat
acq 8 2 0 0 2 8 0 1 1 0 7 0 4 0 0 25 4 0 1 0 2 0 0 0 0
bop 0 67 0 0 0 3 0 1 0 1 0 0 2 0 0 0 0 0 0 0 0 0 0 0 0
cocoa 0 0 49 2 0 1 0 0 0 0 0 0 0 0 0 2 0 0 0 0 1 0 0 0 0
coffee 0 3 3 85 0 4 0 0 0 0 0 0 2 0 0 1 0 0 0 0 1 0 0 1 0
corn 0 1 0 0 55 5 0 0 0 0 0 7 1 0 0 6 0 2 1 0 8 0 0 0 13
cpi 0 4 0 0 0 57 0 0 0 0 0 0 5 0 0 2 0 0 0 0 0 0 0 0 0
crude 0 7 0 0 0 16 18 0 0 0 2 0 7 0 1 8 13 0 2 3 3 0 0 0 0
dlr 0 2 0 0 0 3 0 69 0 0 0 0 19 0 0 7 0 0 0 0 0 0 0 0 0
earn 0 7 0 0 0 2 0 0 69 0 0 0 3 0 0 11 1 0 0 0 0 0 0 0 0
gnp 0 20 0 1 0 12 0 4 0 31 0 0 27 0 0 3 0 0 1 0 0 0 0 0 0
gold 0 0 0 0 0 4 0 2 0 0 86 0 0 0 0 0 0 0 2 0 0 0 0 0 0
grain 0 3 0 0 24 4 0 0 0 0 0 13 1 0 0 6 0 1 0 0 5 0 0 0 41
interest 0 4 0 0 0 1 0 2 0 0 0 0 72 0 0 20 0 0 0 0 0 0 0 0 0
livestock 0 1 0 0 6 9 0 0 3 0 0 1 2 41 0 3 0 0 0 0 0 0 0 1 1
money-fx 0 6 0 0 0 4 0 23 0 1 0 0 43 0 5 14 0 0 1 0 0 0 0 0 0
money-supply 0 21 0 0 0 8 0 0 3 1 0 0 10 0 0 56 0 0 1 0 0 0 0 0 0
nat-gas 0 2 0 0 0 11 0 0 0 0 0 0 1 0 0 9 45 0 6 0 0 1 0 0 0
oilseed 0 1 0 0 10 8 0 1 0 0 0 7 0 0 0 4 0 12 0 0 36 1 0 4 11
reserves 0 28 0 0 0 0 0 0 0 0 0 0 4 0 0 5 0 0 18 0 0 0 0 0 0
ship 0 2 0 1 2 7 0 0 0 0 0 7 4 0 0 12 0 0 0 21 0 4 0 2 2
soybean 0 0 0 0 12 5 0 1 0 0 0 2 0 0 0 1 0 7 0 0 42 0 0 2 6
sugar 0 0 2 1 4 7 0 0 0 0 0 0 0 1 0 1 0 2 0 0 0 77 0 1 3
trade 0 39 0 0 1 6 0 5 0 1 0 0 6 1 3 10 0 0 0 0 0 0 12 0 0
veg-oil 0 1 0 0 5 10 0 0 0 0 0 2 0 0 0 10 0 0 0 0 17 0 0 35 3
wheat 0 2 0 0 6 4 0 0 1 0 0 5 0 0 0 5 0 0 1 0 3 0 0 0 73
 
precision
acq: 0.12307692307692308
bop: 0.9054054054054054
cocoa: 0.8909090909090909
coffee: 0.85
corn: 0.5555555555555556
cpi: 0.8382352941176471
crude: 0.225
dlr: 0.69
earn: 0.7419354838709677
gnp: 0.31313131313131315
gold: 0.9148936170212766
grain: 0.1326530612244898
interest: 0.7272727272727273
livestock: 0.6029411764705882
money-fx: 0.05154639175257732
money-supply: 0.56
nat-gas: 0.6
oilseed: 0.12631578947368421
reserves: 0.32727272727272727
ship: 0.328125
soybean: 0.5384615384615384
sugar: 0.7777777777777778
trade: 0.14285714285714285
veg-oil: 0.42168674698795183
wheat: 0.73
 
recall
acq: 1.0
bop: 0.3004484304932735
cocoa: 0.9074074074074074
coffee: 0.9444444444444444
corn: 0.4330708661417323
cpi: 0.2864321608040201
crude: 1.0
dlr: 0.6330275229357798
earn: 0.8961038961038961
gnp: 0.8857142857142857
gold: 0.9052631578947369
grain: 0.29545454545454547
interest: 0.3380281690140845
livestock: 0.9534883720930233
money-fx: 0.5555555555555556
money-supply: 0.25339366515837103
nat-gas: 0.7142857142857143
oilseed: 0.5
reserves: 0.5294117647058824
ship: 0.875
soybean: 0.3559322033898305
sugar: 0.927710843373494
trade: 1.0
veg-oil: 0.7608695652173914
wheat: 0.477124183006536
