numero arquivos;Não Encontrados;% Não Encontrados;Acertos em documentos definidos;Total Definido;Acurácia em Definidos;Acurácia Global
2263;221;0.09765797613787008;1065;2042;0.5215475024485798;0.4706142288996907

matriz de confusao
 acq bop cocoa coffee corn cpi crude dlr earn gnp gold grain interest livestock money-fx money-supply nat-gas oilseed reserves ship soybean sugar trade veg-oil wheat
acq 7 8 0 0 2 11 0 0 1 0 8 0 4 0 0 0 4 0 2 0 0 0 0 0 0
bop 0 65 0 0 0 5 0 0 0 1 0 0 2 0 0 0 0 0 0 0 0 0 0 0 0
cocoa 0 1 50 3 0 0 0 0 0 0 0 0 0 0 0 0 0 1 0 0 0 0 0 0 0
coffee 0 4 4 86 0 3 0 0 0 0 0 0 2 0 0 0 0 0 0 0 0 0 0 1 0
corn 0 1 0 0 59 5 0 0 0 0 0 7 1 0 0 0 0 3 1 0 8 0 0 0 14
cpi 0 5 0 0 0 57 0 0 0 0 0 0 5 0 0 1 0 0 0 0 0 0 0 0 0
crude 0 9 0 0 0 16 19 0 0 0 2 0 9 0 1 0 15 0 3 3 0 0 0 0 0
dlr 0 5 0 0 0 3 0 50 0 0 0 0 33 0 0 6 0 0 0 0 0 0 1 0 0
earn 0 12 0 0 0 4 0 0 63 0 1 1 3 0 0 0 1 0 0 0 0 0 0 1 0
gnp 0 23 0 1 0 11 0 1 0 33 0 0 29 0 0 0 0 0 1 0 0 0 0 0 0
gold 0 0 0 0 0 4 0 0 0 0 88 0 0 0 0 0 0 0 2 0 0 0 0 0 0
grain 0 2 0 0 25 5 0 0 0 0 0 19 1 0 0 0 0 1 0 0 4 0 0 0 40
interest 0 4 0 0 0 1 0 0 0 0 0 0 74 0 0 17 0 0 3 0 0 0 0 0 0
livestock 0 0 0 0 9 13 0 0 0 0 0 1 2 24 0 0 0 0 0 0 0 1 0 0 1
money-fx 0 6 0 1 0 4 0 17 0 1 0 0 48 0 5 10 0 0 2 0 0 0 0 0 0
money-supply 0 38 0 0 0 8 0 0 0 1 0 0 14 0 0 35 0 0 4 0 0 0 0 0 0
nat-gas 0 5 0 0 0 12 2 0 0 0 0 0 1 0 0 0 47 0 7 0 0 1 0 0 0
oilseed 0 2 0 0 9 8 0 0 0 0 0 8 0 0 0 0 0 8 0 0 39 1 0 3 8
reserves 0 31 0 0 0 0 0 0 0 0 0 0 4 0 0 0 0 0 20 0 0 0 0 0 0
ship 0 4 0 1 2 8 0 0 0 0 0 10 5 0 0 1 0 0 0 19 0 4 0 2 2
soybean 0 1 0 1 9 5 0 0 0 0 0 3 0 0 0 0 0 7 0 0 45 0 0 2 5
sugar 0 0 3 1 4 7 0 0 0 0 0 0 0 0 0 0 0 2 0 0 0 79 0 1 2
trade 0 40 0 0 2 6 0 5 0 2 0 1 7 0 4 0 0 0 0 0 0 0 11 0 0
veg-oil 0 4 0 0 8 11 0 0 0 0 0 2 1 0 0 0 0 0 1 0 17 0 0 28 5
wheat 0 4 0 0 6 4 0 0 0 0 0 5 1 0 0 0 0 0 1 0 4 0 0 0 74
 
precision
acq: 0.14893617021276595
bop: 0.8904109589041096
cocoa: 0.9090909090909091
coffee: 0.86
corn: 0.5959595959595959
cpi: 0.8382352941176471
crude: 0.24675324675324675
dlr: 0.5102040816326531
earn: 0.7325581395348837
gnp: 0.3333333333333333
gold: 0.9361702127659575
grain: 0.1958762886597938
interest: 0.7474747474747475
livestock: 0.47058823529411764
money-fx: 0.05319148936170213
money-supply: 0.35
nat-gas: 0.6266666666666667
oilseed: 0.09302325581395349
reserves: 0.36363636363636365
ship: 0.3275862068965517
soybean: 0.5769230769230769
sugar: 0.797979797979798
trade: 0.14102564102564102
veg-oil: 0.36363636363636365
wheat: 0.7474747474747475
 
recall
acq: 1.0
bop: 0.23722627737226276
cocoa: 0.8771929824561403
coffee: 0.9148936170212766
corn: 0.43703703703703706
cpi: 0.27014218009478674
crude: 0.9047619047619048
dlr: 0.684931506849315
earn: 0.984375
gnp: 0.868421052631579
gold: 0.8888888888888888
grain: 0.3333333333333333
interest: 0.3008130081300813
livestock: 1.0
money-fx: 0.5
money-supply: 0.5
nat-gas: 0.7014925373134329
oilseed: 0.36363636363636365
reserves: 0.425531914893617
ship: 0.8636363636363636
soybean: 0.38461538461538464
sugar: 0.9186046511627907
trade: 0.9166666666666666
veg-oil: 0.7368421052631579
wheat: 0.4900662251655629
