numero arquivos:2263
Nao Encontrados: 55 0.024304021210782147
matriz de confusao
 acq bop cocoa coffee corn cpi crude dlr earn gnp gold grain interest livestock money-fx money-supply nat-gas oilseed reserves ship soybean sugar trade veg-oil wheat
acq 43 6 0 0 0 2 1 15 5 6 6 0 2 0 2 1 0 0 3 0 0 0 0 0 0
bop 0 68 0 0 0 1 0 3 0 0 0 0 0 0 0 1 0 0 2 0 0 0 0 0 0
cocoa 0 4 35 2 0 2 0 1 0 0 0 2 0 0 1 0 0 0 8 0 0 0 0 0 0
coffee 1 13 2 76 0 5 0 0 0 1 0 0 0 0 0 0 0 0 0 0 0 0 2 0 0
corn 0 16 0 0 25 5 0 7 1 4 0 15 1 0 3 0 0 0 3 0 4 0 3 0 13
cpi 0 9 0 0 0 51 0 1 0 0 0 0 0 3 3 1 0 0 1 0 0 0 0 0 0
crude 1 13 0 1 0 15 21 10 6 10 0 0 1 0 2 0 1 0 5 4 0 0 1 0 0
dlr 0 5 0 0 0 2 0 38 0 0 0 0 0 0 33 6 0 0 11 0 0 0 5 0 0
earn 1 9 0 0 0 0 0 15 33 3 0 0 0 0 4 0 30 0 0 0 0 0 0 0 0
gnp 1 27 0 0 0 11 0 3 0 48 0 0 0 0 4 4 0 0 2 0 0 0 0 0 0
gold 1 1 0 0 0 0 0 1 0 0 86 0 0 0 0 5 0 0 0 0 0 0 0 0 0
grain 1 18 0 0 10 4 0 6 2 2 0 12 2 0 4 0 0 0 0 0 3 0 1 0 33
interest 2 3 0 0 0 1 0 2 0 1 0 0 11 0 27 22 0 0 18 1 0 0 1 0 0
livestock 3 6 0 0 0 4 1 1 3 5 0 0 0 42 2 0 0 0 1 1 2 0 2 0 0
money-fx 0 5 0 0 0 2 1 17 0 4 0 0 2 0 36 10 0 0 17 0 0 0 5 0 0
money-supply 0 1 0 0 0 2 0 31 1 1 0 0 0 0 9 38 0 0 15 0 0 0 1 0 0
nat-gas 6 1 0 0 0 12 12 10 2 10 0 0 3 0 2 0 0 0 12 1 0 1 1 0 0
oilseed 1 16 0 0 6 5 0 1 4 6 0 11 1 0 4 0 0 1 3 0 24 0 3 0 14
reserves 0 10 0 0 0 2 0 9 0 1 2 0 0 0 8 0 0 0 23 0 0 0 0 0 0
ship 3 4 0 1 0 5 5 9 15 2 1 2 1 0 5 0 0 0 2 29 0 3 4 0 2
soybean 1 10 0 0 7 4 0 0 0 3 0 9 0 0 2 0 0 1 1 0 29 0 1 0 10
sugar 0 13 2 1 2 7 0 2 1 5 0 1 0 0 1 0 0 0 5 1 0 55 2 0 0
trade 0 45 0 0 0 1 0 9 0 6 0 0 3 1 4 0 0 0 6 1 0 0 20 0 0
veg-oil 2 16 0 0 1 5 1 8 3 8 0 2 2 6 2 0 0 1 4 3 10 0 8 3 1
wheat 0 14 0 0 3 4 0 6 0 1 0 5 4 0 1 0 0 0 1 0 1 0 2 0 58
 
precision
acq: 0.4673913043478261
bop: 0.9066666666666666
cocoa: 0.6363636363636364
coffee: 0.76
corn: 0.25
cpi: 0.7391304347826086
crude: 0.23076923076923078
dlr: 0.38
earn: 0.3473684210526316
gnp: 0.48
gold: 0.9148936170212766
grain: 0.12244897959183673
interest: 0.12359550561797752
livestock: 0.5753424657534246
money-fx: 0.36363636363636365
money-supply: 0.3838383838383838
nat-gas: 0.0
oilseed: 0.01
reserves: 0.41818181818181815
ship: 0.3118279569892473
soybean: 0.3717948717948718
sugar: 0.5612244897959183
trade: 0.20833333333333334
veg-oil: 0.03488372093023256
wheat: 0.58
 
recall
acq: 0.6417910447761194
bop: 0.2042042042042042
cocoa: 0.8974358974358975
coffee: 0.9382716049382716
corn: 0.46296296296296297
cpi: 0.3355263157894737
crude: 0.5
dlr: 0.18536585365853658
earn: 0.4342105263157895
gnp: 0.3779527559055118
gold: 0.9052631578947369
grain: 0.2033898305084746
interest: 0.3333333333333333
livestock: 0.8076923076923077
money-fx: 0.22641509433962265
money-supply: 0.4318181818181818
nat-gas: 0.0
oilseed: 0.3333333333333333
reserves: 0.16083916083916083
ship: 0.7073170731707317
soybean: 0.3972602739726027
sugar: 0.9322033898305084
trade: 0.3225806451612903
veg-oil: 1.0
wheat: 0.44274809160305345
 
acertos em documentos definidos: 881
total definido: 2208
Acuracia: 0.3990036231884058
 
Acuracia em todos os documentos: 0.38930623066725584
