numero arquivos:2263
Nao Encontrados: 21 0.009279717189571365
matriz de confusao
 acq bop cocoa coffee corn cpi crude dlr earn gnp gold grain interest livestock money-fx money-supply nat-gas oilseed reserves ship soybean sugar trade veg-oil wheat
acq 54 5 0 0 0 0 1 11 6 4 6 0 2 0 1 0 0 0 3 0 0 0 1 0 0
bop 0 65 0 0 0 1 0 3 0 0 0 0 0 0 3 0 0 0 2 0 0 0 1 0 0
cocoa 0 3 27 2 0 1 0 1 0 0 0 1 0 0 4 0 0 0 8 4 0 0 4 0 0
coffee 2 12 1 73 0 4 0 0 0 0 0 1 0 0 2 0 0 0 0 2 0 0 3 0 0
corn 0 9 0 0 19 3 0 3 1 0 0 31 1 0 3 0 0 0 2 13 1 0 8 0 6
cpi 0 9 0 0 0 50 0 1 0 0 0 0 0 3 4 1 0 0 1 0 0 0 0 0 0
crude 5 9 0 0 0 9 47 4 3 4 0 0 0 0 3 0 1 0 2 6 0 0 1 0 0
dlr 1 3 0 0 0 2 0 19 0 0 0 0 0 0 62 5 0 0 6 0 0 0 2 0 0
earn 3 7 0 0 0 0 0 14 38 2 0 0 0 0 5 0 29 0 0 0 0 0 1 0 0
gnp 1 23 0 0 0 11 0 2 0 41 0 0 0 0 19 2 0 0 0 0 0 0 1 0 0
gold 1 1 0 0 0 0 0 1 0 0 85 0 0 0 0 5 0 0 0 1 0 0 0 0 0
grain 0 9 0 0 8 2 0 2 1 0 0 31 1 0 3 0 0 0 0 10 2 0 8 0 23
interest 0 2 0 0 0 0 0 0 0 1 0 0 2 0 69 17 0 0 7 0 0 0 0 0 0
livestock 2 4 0 0 0 3 0 1 3 5 0 4 0 37 2 0 0 0 1 5 2 0 5 0 0
money-fx 1 2 0 0 0 2 0 12 0 1 0 0 0 0 64 7 0 0 10 0 0 0 1 0 0
money-supply 2 1 0 0 0 2 0 30 1 1 0 0 0 0 11 36 0 0 14 0 0 0 1 0 0
nat-gas 8 1 0 0 0 8 34 7 0 5 0 0 1 0 3 0 0 0 5 1 0 1 0 0 0
oilseed 0 4 0 0 2 1 0 1 4 2 0 29 0 0 9 0 0 1 2 17 11 0 8 0 9
reserves 0 10 0 0 0 2 0 9 0 1 2 0 0 0 10 0 0 0 21 0 0 0 0 0 0
ship 1 0 0 1 0 2 6 3 6 0 0 8 0 0 6 0 0 0 1 63 0 2 1 0 0
soybean 0 5 0 0 3 2 0 0 1 0 0 25 0 0 5 0 0 0 0 13 12 0 6 0 6
sugar 0 5 1 1 2 2 0 2 1 2 0 5 0 0 1 0 0 0 3 23 0 31 21 0 0
trade 1 31 0 0 0 1 1 5 0 2 0 2 2 1 21 0 0 0 5 1 0 0 24 0 0
veg-oil 0 8 0 0 1 2 1 4 3 1 0 7 1 1 2 0 0 0 3 24 2 0 26 0 1
wheat 0 7 0 0 1 4 0 3 0 0 0 22 3 0 1 0 0 0 0 16 1 0 5 0 37
 
precision
acq: 0.574468085106383
bop: 0.8666666666666667
cocoa: 0.4909090909090909
coffee: 0.73
corn: 0.19
cpi: 0.7246376811594203
crude: 0.5
dlr: 0.19
earn: 0.3838383838383838
gnp: 0.41
gold: 0.9042553191489362
grain: 0.31
interest: 0.02040816326530612
livestock: 0.5
money-fx: 0.64
money-supply: 0.36363636363636365
nat-gas: 0.0
oilseed: 0.01
reserves: 0.38181818181818183
ship: 0.63
soybean: 0.15384615384615385
sugar: 0.31
trade: 0.24742268041237114
veg-oil: 0.0
wheat: 0.37
 
recall
acq: 0.6585365853658537
bop: 0.2765957446808511
cocoa: 0.9310344827586207
coffee: 0.948051948051948
corn: 0.5277777777777778
cpi: 0.43859649122807015
crude: 0.5222222222222223
dlr: 0.13768115942028986
earn: 0.5588235294117647
gnp: 0.5694444444444444
gold: 0.9139784946236559
grain: 0.18674698795180722
interest: 0.15384615384615385
livestock: 0.8809523809523809
money-fx: 0.20447284345047922
money-supply: 0.4931506849315068
nat-gas: 0.0
oilseed: 1.0
reserves: 0.21875
ship: 0.3165829145728643
soybean: 0.3870967741935484
sugar: 0.9117647058823529
trade: 0.1875
veg-oil: NaN
wheat: 0.45121951219512196
 
acertos em documentos definidos: 877
total definido: 2242
Acuracia: 0.3911685994647636
 
Acuracia em todos os documentos: 0.38753866548828986
