numero arquivos:2263
Nao Encontrados: 910 0.4021210782147592
matriz de confusao
 acq bop cocoa coffee corn cpi crude dlr earn gnp gold grain interest livestock money-fx money-supply nat-gas oilseed reserves ship soybean sugar trade veg-oil wheat
acq 7 4 0 0 2 0 0 0 3 0 4 0 1 0 1 1 2 0 0 0 0 0 2 0 0
bop 1 29 0 1 0 2 0 7 0 3 0 0 1 0 2 0 0 0 0 0 0 0 0 0 0
cocoa 0 0 7 5 0 0 0 0 0 0 0 3 0 0 1 0 0 0 26 0 0 0 4 0 0
coffee 0 1 0 94 0 0 0 0 0 0 0 0 0 0 0 0 0 0 0 1 1 0 1 0 0
corn 3 1 0 0 67 0 0 1 1 0 0 7 3 0 0 0 1 0 0 0 0 0 0 0 0
cpi 0 6 0 0 0 31 0 4 0 2 0 0 1 0 0 0 0 0 0 0 0 0 0 0 0
crude 3 6 0 0 0 1 9 2 6 3 0 0 1 0 2 0 5 0 0 1 0 0 2 0 0
dlr 0 0 0 0 0 1 0 81 0 0 0 0 0 0 9 0 0 0 0 0 0 0 1 0 0
earn 2 2 0 0 0 0 0 0 30 0 0 0 2 0 1 0 42 0 0 0 0 0 0 0 0
gnp 1 13 0 3 0 4 0 13 2 49 0 0 1 0 1 0 0 0 0 0 0 0 1 0 0
gold 0 1 0 0 0 0 0 4 2 2 53 0 1 0 3 7 1 0 0 0 0 0 0 0 0
grain 6 2 0 0 27 1 0 1 3 0 0 7 10 0 0 0 2 1 0 0 0 0 0 0 3
interest 2 4 0 0 0 3 0 9 1 1 0 0 4 0 2 0 0 0 0 0 0 0 3 0 0
livestock 3 0 0 0 2 0 0 0 1 0 0 0 3 20 4 0 0 1 1 0 0 0 1 0 0
money-fx 0 5 0 0 0 4 0 41 1 0 0 0 3 0 5 0 0 0 0 0 0 0 2 0 0
money-supply 1 9 0 0 0 1 0 4 0 1 0 0 5 0 1 4 0 0 0 0 0 0 0 0 0
nat-gas 6 2 0 0 0 3 30 1 0 2 0 0 1 0 0 0 1 0 0 0 0 0 3 0 0
oilseed 11 2 0 0 25 0 0 1 1 0 0 8 2 0 5 0 1 10 0 0 5 0 0 0 0
reserves 0 6 0 0 0 0 0 6 2 6 2 0 3 0 0 0 0 0 0 0 0 0 0 0 0
ship 4 0 0 1 3 1 0 0 4 3 0 0 1 0 2 0 1 1 0 7 0 0 0 1 0
soybean 13 1 0 1 26 0 0 0 1 0 0 8 0 0 5 0 0 3 0 0 6 0 0 0 0
sugar 3 2 0 2 4 0 0 1 1 0 0 2 0 0 2 0 0 1 1 0 1 10 4 0 0
trade 3 9 0 1 0 1 0 10 0 3 0 0 4 0 11 0 0 0 0 0 0 0 11 0 0
veg-oil 11 1 0 0 7 0 0 1 0 0 0 0 5 0 0 0 0 6 0 0 2 1 0 9 0
wheat 5 3 0 0 22 1 0 0 1 0 0 3 11 1 0 0 0 1 0 0 0 0 0 0 3
 
precision
acq: 0.25925925925925924
bop: 0.6304347826086957
cocoa: 0.15217391304347827
coffee: 0.9591836734693877
corn: 0.7976190476190477
cpi: 0.7045454545454546
crude: 0.21951219512195122
dlr: 0.8804347826086957
earn: 0.379746835443038
gnp: 0.5568181818181818
gold: 0.7162162162162162
grain: 0.1111111111111111
interest: 0.13793103448275862
livestock: 0.5555555555555556
money-fx: 0.08196721311475409
money-supply: 0.15384615384615385
nat-gas: 0.02040816326530612
oilseed: 0.14084507042253522
reserves: 0.0
ship: 0.2413793103448276
soybean: 0.09375
sugar: 0.29411764705882354
trade: 0.20754716981132076
veg-oil: 0.20930232558139536
wheat: 0.058823529411764705
 
recall
acq: 0.08235294117647059
bop: 0.26605504587155965
cocoa: 1.0
coffee: 0.8703703703703703
corn: 0.3621621621621622
cpi: 0.5740740740740741
crude: 0.23076923076923078
dlr: 0.43315508021390375
earn: 0.5
gnp: 0.6533333333333333
gold: 0.8983050847457628
grain: 0.18421052631578946
interest: 0.06349206349206349
livestock: 0.9523809523809523
money-fx: 0.08771929824561403
money-supply: 0.3333333333333333
nat-gas: 0.017857142857142856
oilseed: 0.4166666666666667
reserves: 0.0
ship: 0.7777777777777778
soybean: 0.4
sugar: 0.9090909090909091
trade: 0.3142857142857143
veg-oil: 0.9
wheat: 0.5
 
acertos em documentos definidos: 554
total definido: 1353
Acuracia: 0.40946045824094607
 
Acuracia em todos os documentos: 0.24480777728678746
