numero arquivos:2263
Nao Encontrados: 1019 0.450287229341582
 
acertos em documentos definidos: 771
total definido: 1244
Acuracia: 0.6197749196141479
 
Acuracia em todos os documentos: 0.34069818824569154
matriz de confusao
 acq bop cocoa coffee corn cpi crude dlr earn gnp gold grain interest livestock money-fx money-supply nat-gas oilseed reserves ship soybean sugar trade veg-oil wheat
acq 35 0 0 0 0 0 0 0 2 0 4 1 0 0 0 0 5 0 0 0 0 0 0 1 0
bop 0 19 0 1 1 4 0 1 0 6 0 0 1 0 1 0 1 0 1 1 0 0 0 1 0
cocoa 0 0 32 4 0 0 0 0 0 0 0 0 0 0 0 0 1 0 0 0 4 3 0 0 0
coffee 0 0 1 92 1 0 0 0 0 0 0 0 0 0 0 0 1 2 0 0 0 1 1 1 0
corn 0 0 0 0 7 1 0 0 3 0 0 9 0 0 0 0 0 2 8 6 1 0 1 0 2
cpi 0 1 0 0 0 32 0 0 0 6 0 0 2 0 0 0 0 0 0 1 0 1 0 0 0
crude 1 0 0 0 1 1 23 0 5 0 0 0 0 0 1 0 24 0 0 8 0 0 1 0 0
dlr 1 4 0 0 0 2 0 24 0 0 0 0 7 0 8 0 0 0 0 0 0 0 0 0 0
earn 0 0 0 0 0 0 0 0 64 0 0 0 0 0 0 0 2 0 0 1 0 0 0 1 0
gnp 0 2 0 2 0 8 0 0 0 40 0 0 4 0 1 0 0 0 0 1 0 0 1 0 0
gold 1 3 0 0 0 1 0 0 1 0 57 0 0 0 0 0 0 0 0 0 0 0 0 0 0
grain 0 0 0 0 2 0 0 0 4 0 0 7 1 0 0 0 1 0 5 8 1 2 1 1 2
interest 0 3 0 0 1 2 0 2 1 0 0 4 20 0 0 0 0 0 1 0 0 0 0 0 0
livestock 0 0 0 0 0 0 0 0 0 0 0 0 0 24 0 0 0 0 0 1 1 2 0 0 1
money-fx 0 2 0 0 0 4 0 8 0 0 0 1 3 0 10 0 0 0 2 0 0 0 0 0 0
money-supply 0 7 0 0 0 1 0 1 0 0 0 4 0 0 0 0 0 0 3 0 0 0 0 0 0
nat-gas 1 0 0 0 0 2 5 0 0 0 0 0 1 0 0 0 60 0 0 0 0 1 0 0 0
oilseed 0 0 0 0 6 1 0 0 1 0 0 5 0 0 0 0 0 5 5 5 8 0 4 5 3
reserves 0 0 0 0 0 0 0 2 0 3 2 0 1 0 0 0 0 0 6 0 0 0 0 0 0
ship 2 0 0 1 0 0 0 1 0 0 0 1 2 0 0 0 0 0 0 64 0 4 0 2 0
soybean 0 0 0 1 6 1 0 0 0 0 0 5 0 0 0 0 0 4 6 1 9 0 4 4 5
sugar 0 0 1 1 0 0 0 0 0 0 0 2 0 1 0 0 1 0 0 1 0 89 1 1 0
trade 1 9 0 1 1 0 0 2 0 1 0 1 8 1 9 0 0 0 5 2 0 0 12 0 0
veg-oil 0 0 0 0 1 0 0 0 0 0 0 0 0 0 0 0 0 0 2 2 0 1 9 33 3
wheat 0 1 0 0 4 0 0 0 0 0 0 2 2 0 0 0 0 0 1 8 1 1 1 1 7
 
precision
acq: 0.7291666666666666
bop: 0.5
cocoa: 0.7272727272727273
coffee: 0.92
corn: 0.175
cpi: 0.7441860465116279
crude: 0.35384615384615387
dlr: 0.5217391304347826
earn: 0.9411764705882353
gnp: 0.6779661016949152
gold: 0.9047619047619048
grain: 0.2
interest: 0.5882352941176471
livestock: 0.8275862068965517
money-fx: 0.3333333333333333
money-supply: 0.0
nat-gas: 0.8571428571428571
oilseed: 0.10416666666666667
reserves: 0.42857142857142855
ship: 0.8311688311688312
soybean: 0.1956521739130435
sugar: 0.9081632653061225
trade: 0.22641509433962265
veg-oil: 0.6470588235294118
wheat: 0.2413793103448276
 
recall
acq: 0.8333333333333334
bop: 0.37254901960784315
cocoa: 0.9411764705882353
coffee: 0.8932038834951457
corn: 0.22580645161290322
cpi: 0.5333333333333333
crude: 0.8214285714285714
dlr: 0.5853658536585366
earn: 0.7901234567901234
gnp: 0.7142857142857143
gold: 0.9047619047619048
grain: 0.16666666666666666
interest: 0.38461538461538464
livestock: 0.9230769230769231
money-fx: 0.3333333333333333
money-supply: NaN
nat-gas: 0.625
oilseed: 0.38461538461538464
reserves: 0.13333333333333333
ship: 0.5818181818181818
soybean: 0.36
sugar: 0.8476190476190476
trade: 0.3333333333333333
veg-oil: 0.6470588235294118
wheat: 0.30434782608695654
