numero arquivos:2263
Nao Encontrados: 616 0.27220503756076003
matriz de confusao
 acq bop cocoa coffee corn cpi crude dlr earn gnp gold grain interest livestock money-fx money-supply nat-gas oilseed reserves ship soybean sugar trade veg-oil wheat
acq 31 3 0 0 1 0 0 13 3 0 3 0 8 0 1 3 1 0 0 0 0 0 1 0 0
bop 1 22 0 1 0 2 0 18 0 2 0 0 2 0 4 4 0 0 0 0 0 0 0 0 0
cocoa 0 0 41 3 0 0 0 0 0 0 0 1 0 0 1 0 0 0 8 0 0 0 1 0 0
coffee 0 0 3 92 0 0 0 0 0 0 0 0 0 0 0 0 0 0 0 1 1 0 2 0 0
corn 3 1 0 0 61 0 0 6 0 0 0 7 2 1 0 1 1 0 0 0 0 0 0 0 1
cpi 0 0 0 0 0 56 0 1 0 0 0 0 3 0 0 1 0 0 1 0 0 0 0 0 0
crude 4 4 0 0 0 1 23 6 6 2 0 0 5 0 3 0 5 0 0 1 0 0 1 0 0
dlr 0 0 0 0 0 0 0 79 0 0 0 0 0 0 10 0 0 0 2 0 0 0 1 0 0
earn 2 2 0 0 0 0 0 7 27 0 0 0 3 0 1 5 39 0 0 0 0 0 0 0 0
gnp 1 6 0 3 0 16 0 9 1 50 0 0 5 0 0 1 0 0 0 0 0 0 2 0 0
gold 1 4 0 0 0 0 0 2 6 2 53 0 5 0 3 7 1 0 0 0 0 0 0 0 0
grain 5 1 0 0 21 0 0 8 3 0 0 9 6 1 0 1 2 0 0 0 1 0 1 0 7
interest 2 4 0 0 0 1 0 6 0 1 0 0 21 0 6 4 0 0 1 0 0 0 3 0 0
livestock 3 0 0 0 2 0 0 3 3 0 0 0 2 34 4 0 0 0 0 1 6 1 0 0 0
money-fx 0 5 0 0 0 3 0 36 0 1 0 0 11 0 6 0 0 0 2 0 0 0 2 0 0
money-supply 0 5 0 0 0 3 0 19 0 1 0 0 7 0 7 4 0 0 1 0 0 0 0 0 0
nat-gas 10 1 0 0 0 3 27 7 1 1 0 0 8 0 1 1 0 0 0 0 0 0 2 0 0
oilseed 9 3 0 0 23 0 0 2 4 0 0 10 2 1 5 1 0 5 0 1 5 0 1 0 1
reserves 0 5 0 0 0 3 0 13 0 5 2 0 6 0 0 0 0 0 0 0 0 0 0 0 0
ship 5 0 0 1 2 0 0 2 20 3 0 0 3 0 2 1 0 0 0 20 0 0 0 1 0
soybean 11 1 0 1 24 0 0 2 0 0 0 9 0 1 5 1 0 3 0 0 6 0 0 0 1
sugar 3 2 2 1 4 0 0 1 0 0 0 2 0 1 2 3 0 0 1 1 1 16 4 0 0
trade 4 4 0 1 0 0 1 16 1 4 0 0 6 1 11 1 0 0 1 0 0 0 20 0 0
veg-oil 11 2 0 0 7 0 0 2 2 0 0 0 6 0 0 3 0 4 0 1 2 1 2 8 0
wheat 5 2 0 0 15 0 0 8 0 0 0 6 11 1 0 1 0 1 0 0 0 0 1 0 8
 
precision
acq: 0.45588235294117646
bop: 0.39285714285714285
cocoa: 0.7454545454545455
coffee: 0.9292929292929293
corn: 0.7261904761904762
cpi: 0.9032258064516129
crude: 0.3770491803278688
dlr: 0.8586956521739131
earn: 0.313953488372093
gnp: 0.5319148936170213
gold: 0.6309523809523809
grain: 0.13636363636363635
interest: 0.42857142857142855
livestock: 0.576271186440678
money-fx: 0.09090909090909091
money-supply: 0.0851063829787234
nat-gas: 0.0
oilseed: 0.0684931506849315
reserves: 0.0
ship: 0.3333333333333333
soybean: 0.09230769230769231
sugar: 0.36363636363636365
trade: 0.28169014084507044
veg-oil: 0.1568627450980392
wheat: 0.13559322033898305
 
recall
acq: 0.27927927927927926
bop: 0.2857142857142857
cocoa: 0.8913043478260869
coffee: 0.8932038834951457
corn: 0.38125
cpi: 0.6363636363636364
crude: 0.45098039215686275
dlr: 0.29699248120300753
earn: 0.35064935064935066
gnp: 0.6944444444444444
gold: 0.9137931034482759
grain: 0.20454545454545456
interest: 0.1721311475409836
livestock: 0.8292682926829268
money-fx: 0.08333333333333333
money-supply: 0.09302325581395349
nat-gas: 0.0
oilseed: 0.38461538461538464
reserves: 0.0
ship: 0.7692307692307693
soybean: 0.2727272727272727
sugar: 0.8888888888888888
trade: 0.45454545454545453
veg-oil: 0.8888888888888888
wheat: 0.4444444444444444
 
acertos em documentos definidos: 692
total definido: 1647
Acuracia: 0.4201578627808136
 
Acuracia em todos os documentos: 0.3057887759611136
