numero arquivos:2263
Nao Encontrados: 252 0.11135660627485638
matriz de confusao
 acq bop cocoa coffee corn cpi crude dlr earn gnp gold grain interest livestock money-fx money-supply nat-gas oilseed reserves ship soybean sugar trade veg-oil wheat
acq 27 2 0 0 1 1 0 32 3 0 6 0 5 0 1 3 1 0 0 0 0 0 0 0 0
bop 0 26 0 1 0 2 0 33 0 5 0 0 1 0 2 1 0 0 0 0 0 0 0 0 0
cocoa 0 0 38 3 0 1 0 2 0 0 0 2 0 0 0 0 0 0 8 0 0 0 1 0 0
coffee 0 0 3 91 0 0 0 1 0 0 0 0 0 0 0 0 0 0 0 1 1 0 3 0 0
corn 1 1 0 0 40 1 0 12 0 0 0 7 1 1 0 1 1 0 0 0 4 0 0 0 25
cpi 0 0 0 0 0 54 0 4 0 2 0 0 1 4 0 2 0 0 1 0 0 0 0 0 0
crude 1 2 0 1 0 2 20 25 7 2 3 0 4 0 2 0 3 0 1 1 0 0 1 0 0
dlr 0 0 0 0 0 0 0 79 0 0 0 0 0 0 9 5 0 0 2 0 0 0 1 0 0
earn 1 0 0 0 0 0 0 18 36 0 0 0 0 0 1 1 36 0 0 0 0 0 0 0 0
gnp 1 2 0 2 0 12 0 14 0 63 0 0 3 0 0 2 0 0 0 0 0 0 1 0 0
gold 1 3 0 0 0 0 0 7 3 2 68 0 0 0 1 7 0 0 0 0 0 0 0 0 0
grain 3 1 0 0 15 0 0 9 2 0 0 8 4 0 0 1 2 0 1 0 3 1 1 0 42
interest 4 3 0 0 0 2 0 8 0 1 0 0 20 0 5 21 0 0 1 0 0 0 1 0 0
livestock 1 1 0 0 0 2 1 6 3 0 0 1 0 35 4 0 0 0 0 1 5 2 0 0 2
money-fx 2 5 0 0 0 3 0 38 0 1 0 0 10 0 5 10 0 0 2 0 0 0 2 0 0
money-supply 1 1 0 0 0 4 0 37 0 1 0 0 1 0 7 28 0 0 3 0 0 0 0 0 0
nat-gas 6 0 0 0 0 5 10 32 4 1 0 0 4 0 1 0 0 0 0 0 0 1 2 0 0
oilseed 1 1 0 0 7 0 0 7 4 0 0 9 1 1 1 0 0 4 0 0 35 0 1 0 17
reserves 0 5 0 0 0 2 0 28 0 3 2 0 3 0 0 0 0 0 2 0 0 0 0 0 0
ship 5 0 0 1 2 0 5 9 20 2 1 5 2 0 2 1 0 0 0 17 0 3 0 0 3
soybean 1 0 0 1 8 0 0 2 1 0 0 7 0 1 1 0 0 1 0 0 43 0 0 0 12
sugar 0 0 2 1 2 0 0 2 0 0 0 2 0 0 0 0 0 0 0 1 1 82 3 0 2
trade 4 10 0 0 0 1 1 25 1 4 0 0 4 2 7 2 0 0 1 0 0 0 19 0 0
veg-oil 5 1 0 0 3 3 0 15 2 0 0 0 2 0 0 0 0 2 0 4 19 1 1 5 2
wheat 0 0 0 0 3 0 0 9 0 0 0 4 5 0 0 0 0 0 0 0 2 0 1 0 76
 
precision
acq: 0.32926829268292684
bop: 0.36619718309859156
cocoa: 0.6909090909090909
coffee: 0.91
corn: 0.42105263157894735
cpi: 0.7941176470588235
crude: 0.26666666666666666
dlr: 0.8229166666666666
earn: 0.3870967741935484
gnp: 0.63
gold: 0.7391304347826086
grain: 0.08602150537634409
interest: 0.30303030303030304
livestock: 0.546875
money-fx: 0.0641025641025641
money-supply: 0.3373493975903614
nat-gas: 0.0
oilseed: 0.0449438202247191
reserves: 0.044444444444444446
ship: 0.21794871794871795
soybean: 0.5512820512820513
sugar: 0.8367346938775511
trade: 0.2345679012345679
veg-oil: 0.07692307692307693
wheat: 0.76
 
recall
acq: 0.4153846153846154
bop: 0.40625
cocoa: 0.8837209302325582
coffee: 0.900990099009901
corn: 0.49382716049382713
cpi: 0.5684210526315789
crude: 0.5405405405405406
dlr: 0.17400881057268722
earn: 0.4186046511627907
gnp: 0.7241379310344828
gold: 0.85
grain: 0.17777777777777778
interest: 0.28169014084507044
livestock: 0.7954545454545454
money-fx: 0.10204081632653061
money-supply: 0.32941176470588235
nat-gas: 0.0
oilseed: 0.5714285714285714
reserves: 0.09090909090909091
ship: 0.68
soybean: 0.3805309734513274
sugar: 0.9111111111111111
trade: 0.5
veg-oil: 1.0
wheat: 0.4198895027624309
 
acertos em documentos definidos: 886
total definido: 2011
Acuracia: 0.4405768274490303
 
Acuracia em todos os documentos: 0.3915156871409633
