numero arquivos:2263
Nao Encontrados: 191 0.08440123729562528
matriz de confusao
 acq bop cocoa coffee corn cpi crude dlr earn gnp gold grain interest livestock money-fx money-supply nat-gas oilseed reserves ship soybean sugar trade veg-oil wheat
acq 32 2 0 0 1 3 1 27 3 2 7 0 3 0 1 2 0 0 0 0 0 0 0 0 0
bop 0 30 0 1 0 1 0 28 1 5 0 0 1 0 1 1 0 0 2 0 0 0 1 0 0
cocoa 0 0 38 3 0 1 0 2 0 0 0 2 0 0 0 0 0 0 8 0 0 0 1 0 0
coffee 0 0 3 91 0 0 0 1 0 0 0 0 0 0 0 0 0 0 0 1 1 0 3 0 0
corn 1 4 0 0 38 2 0 9 0 3 0 12 1 1 0 1 0 0 0 0 4 0 1 0 22
cpi 0 4 0 0 0 51 0 4 0 2 0 0 0 4 0 2 0 0 1 0 0 0 0 0 0
crude 1 2 0 1 0 4 21 24 6 10 2 0 2 0 2 0 3 0 1 3 0 0 1 0 0
dlr 0 0 0 0 0 0 0 73 0 0 0 0 0 0 9 7 0 0 6 0 0 0 1 0 0
earn 1 0 0 0 0 0 0 18 36 2 0 0 0 0 1 1 35 0 0 0 0 0 0 0 0
gnp 1 8 0 2 0 8 0 12 0 60 0 0 1 0 0 6 0 0 0 0 0 0 2 0 0
gold 0 0 0 0 0 1 0 1 0 0 87 0 0 0 0 5 0 0 0 0 0 0 0 0 0
grain 3 1 0 0 15 2 0 8 2 2 0 12 4 1 0 1 0 0 1 0 3 0 1 0 40
interest 4 4 0 0 0 3 0 7 0 1 0 0 20 0 5 22 0 0 1 0 0 0 1 0 0
livestock 1 1 0 0 0 6 1 6 1 0 0 1 0 35 4 0 0 0 0 1 4 1 2 0 2
money-fx 2 6 0 0 0 1 0 33 0 3 0 0 10 0 5 13 0 0 5 0 0 0 2 0 0
money-supply 1 1 0 0 0 3 0 36 4 1 0 0 1 0 7 30 0 0 2 0 0 0 0 0 0
nat-gas 5 0 0 0 0 6 16 29 4 3 0 0 4 0 1 0 0 0 0 0 0 1 2 0 0
oilseed 1 2 0 0 7 0 0 7 5 2 0 10 1 1 1 0 0 4 0 0 32 0 2 0 17
reserves 0 5 0 0 0 2 0 27 0 3 3 0 1 0 1 4 0 0 2 0 0 0 1 0 0
ship 4 0 0 1 2 4 5 9 16 3 1 3 2 0 2 1 0 0 0 25 0 3 1 0 3
soybean 1 1 0 1 8 0 0 2 1 2 0 7 0 1 0 0 0 1 0 0 40 0 1 0 12
sugar 0 0 2 1 2 1 0 2 0 1 0 2 0 0 0 0 0 0 0 1 1 80 3 0 2
trade 5 8 0 0 0 3 1 22 1 3 0 0 3 2 3 2 0 0 5 1 0 0 27 0 0
veg-oil 5 1 0 0 2 3 0 12 4 3 0 0 2 1 2 0 0 2 0 3 17 1 7 5 2
wheat 0 1 0 0 3 1 0 9 0 0 0 6 5 0 0 0 0 0 0 0 1 0 1 0 73
 
precision
acq: 0.38095238095238093
bop: 0.4166666666666667
cocoa: 0.6909090909090909
coffee: 0.91
corn: 0.3838383838383838
cpi: 0.75
crude: 0.25301204819277107
dlr: 0.7604166666666666
earn: 0.3829787234042553
gnp: 0.6
gold: 0.925531914893617
grain: 0.125
interest: 0.29411764705882354
livestock: 0.5303030303030303
money-fx: 0.0625
money-supply: 0.3488372093023256
nat-gas: 0.0
oilseed: 0.043478260869565216
reserves: 0.04081632653061224
ship: 0.29411764705882354
soybean: 0.5128205128205128
sugar: 0.8163265306122449
trade: 0.313953488372093
veg-oil: 0.06944444444444445
wheat: 0.73
 
recall
acq: 0.47058823529411764
bop: 0.37037037037037035
cocoa: 0.8837209302325582
coffee: 0.900990099009901
corn: 0.48717948717948717
cpi: 0.4811320754716981
crude: 0.4666666666666667
dlr: 0.17892156862745098
earn: 0.42857142857142855
gnp: 0.5405405405405406
gold: 0.87
grain: 0.21818181818181817
interest: 0.32786885245901637
livestock: 0.7608695652173914
money-fx: 0.1111111111111111
money-supply: 0.30612244897959184
nat-gas: 0.0
oilseed: 0.5714285714285714
reserves: 0.058823529411764705
ship: 0.7142857142857143
soybean: 0.3883495145631068
sugar: 0.9302325581395349
trade: 0.4426229508196721
veg-oil: 1.0
wheat: 0.42196531791907516
 
acertos em documentos definidos: 915
total definido: 2072
Acuracia: 0.4416023166023166
 
Acuracia em todos os documentos: 0.40433053468846664
