numero arquivos:2263
Nao Encontrados: 159 0.07026071586389748
matriz de confusao
 acq bop cocoa coffee corn cpi crude dlr earn gnp gold grain interest livestock money-fx money-supply nat-gas oilseed reserves ship soybean sugar trade veg-oil wheat
acq 31 3 0 0 0 2 1 25 3 7 7 0 2 0 1 2 0 0 0 2 0 0 0 0 0
bop 0 42 0 1 0 1 0 22 1 4 0 0 0 0 0 1 0 0 2 0 0 0 1 0 0
cocoa 0 0 38 3 0 1 0 2 0 0 0 2 0 0 0 0 0 0 8 0 0 0 1 0 0
coffee 0 1 3 90 0 0 0 1 0 1 0 0 0 0 0 0 0 0 0 1 0 0 3 0 0
corn 1 3 0 0 36 4 0 9 0 12 0 9 1 0 0 0 0 0 0 0 4 0 1 0 19
cpi 0 3 0 0 0 51 0 3 0 4 0 0 0 4 0 2 0 0 1 0 0 0 0 0 0
crude 0 2 0 1 0 3 24 19 4 23 1 0 1 0 2 0 2 0 0 3 0 0 1 0 0
dlr 0 0 0 0 0 0 0 68 0 0 0 0 0 0 8 7 0 0 8 0 0 0 7 0 0
earn 1 1 0 0 0 0 0 17 35 3 0 0 0 0 1 1 35 0 0 0 0 0 0 0 0
gnp 1 7 0 2 0 9 0 7 0 70 0 0 1 0 0 3 0 0 0 0 0 0 0 0 0
gold 0 0 0 0 0 0 0 1 0 0 88 0 0 0 0 5 0 0 0 0 0 0 0 0 0
grain 3 2 0 0 14 2 0 8 2 8 0 11 3 0 0 0 0 0 0 0 3 0 1 0 40
interest 3 7 0 0 0 2 0 6 0 2 0 0 20 0 5 22 0 0 1 0 0 0 1 0 0
livestock 1 2 0 0 0 7 0 1 4 8 0 1 0 33 4 0 0 0 0 1 2 0 2 0 2
money-fx 1 10 0 0 0 1 0 30 0 4 0 0 10 0 4 13 0 0 5 0 0 0 4 0 0
money-supply 0 3 0 0 0 4 0 36 3 1 0 0 1 0 7 29 0 0 6 0 0 0 0 0 0
nat-gas 4 0 0 0 0 5 18 22 1 15 0 0 4 0 1 0 0 0 0 0 0 1 1 0 0
oilseed 1 3 0 0 7 1 0 4 5 9 0 9 1 0 1 0 0 3 0 0 31 0 2 0 17
reserves 0 4 0 0 0 2 0 26 0 3 3 0 1 0 1 2 0 0 9 0 0 0 0 0 0
ship 3 0 0 1 1 5 5 9 16 5 1 4 2 0 2 1 0 0 0 25 0 3 0 0 3
soybean 1 2 0 1 8 0 0 1 1 6 0 6 0 0 0 0 0 1 0 0 38 0 1 0 12
sugar 0 0 2 1 2 1 0 2 1 7 0 1 0 0 0 0 0 0 0 1 0 75 3 0 2
trade 5 10 0 0 0 3 1 21 1 10 0 0 3 1 3 1 0 0 5 1 0 0 24 0 0
veg-oil 4 1 0 0 1 5 0 11 3 14 0 0 2 0 2 0 0 1 0 3 13 1 7 5 2
wheat 0 2 0 0 3 2 0 8 0 1 0 6 5 0 0 0 0 0 0 0 1 0 1 0 71
 
precision
acq: 0.36046511627906974
bop: 0.56
cocoa: 0.6909090909090909
coffee: 0.9
corn: 0.36363636363636365
cpi: 0.75
crude: 0.27906976744186046
dlr: 0.6938775510204082
earn: 0.3723404255319149
gnp: 0.7
gold: 0.9361702127659575
grain: 0.1134020618556701
interest: 0.2898550724637681
livestock: 0.4852941176470588
money-fx: 0.04878048780487805
money-supply: 0.32222222222222224
nat-gas: 0.0
oilseed: 0.031914893617021274
reserves: 0.17647058823529413
ship: 0.29069767441860467
soybean: 0.48717948717948717
sugar: 0.7653061224489796
trade: 0.2696629213483146
veg-oil: 0.06666666666666667
wheat: 0.71
 
recall
acq: 0.5166666666666667
bop: 0.3888888888888889
cocoa: 0.8837209302325582
coffee: 0.9
corn: 0.5
cpi: 0.4594594594594595
crude: 0.4897959183673469
dlr: 0.1894150417827298
earn: 0.4375
gnp: 0.3225806451612903
gold: 0.88
grain: 0.22448979591836735
interest: 0.3508771929824561
livestock: 0.868421052631579
money-fx: 0.09523809523809523
money-supply: 0.3258426966292135
nat-gas: 0.0
oilseed: 0.6
reserves: 0.2
ship: 0.6756756756756757
soybean: 0.41304347826086957
sugar: 0.9375
trade: 0.39344262295081966
veg-oil: 1.0
wheat: 0.4226190476190476
 
acertos em documentos definidos: 920
total definido: 2104
Acuracia: 0.4372623574144487
 
Acuracia em todos os documentos: 0.4065399911621741
