numero arquivos;Não Encontrados;% Não Encontrados;Acertos em documentos definidos;Total Definido;Acurácia em Definidos;Acurácia Global
2263;45;0.019885108263367212;1057;2218;0.4765554553651939;0.4670790985417587

matriz de confusao
 acq bop cocoa coffee corn cpi crude dlr earn gnp gold grain interest livestock money-fx money-supply nat-gas oilseed reserves ship soybean sugar trade veg-oil wheat
acq 10 2 0 0 0 2 0 0 30 0 7 0 2 0 0 16 4 0 0 0 7 0 0 1 0
bop 0 51 0 1 0 2 0 0 6 2 0 0 5 0 0 7 0 0 0 0 0 0 0 1 0
cocoa 0 0 40 1 0 1 0 0 1 0 0 0 1 0 0 6 0 0 0 0 1 4 0 0 0
coffee 0 2 3 81 0 4 0 0 4 0 0 0 2 0 0 0 0 0 0 1 1 2 0 0 0
corn 0 1 0 0 28 5 0 0 12 0 1 3 0 1 2 15 0 2 2 0 3 17 1 2 5
cpi 0 1 0 0 0 51 0 1 1 3 0 0 1 0 0 9 0 0 2 0 0 0 0 0 0
crude 1 3 0 2 0 9 26 0 15 0 1 0 4 0 0 8 17 0 1 7 1 0 0 1 0
dlr 0 2 0 0 0 2 0 53 0 0 0 0 13 0 1 27 0 0 0 0 0 0 2 0 0
earn 0 2 0 0 0 1 0 0 82 0 0 0 2 0 0 9 0 0 0 0 0 0 0 0 0
gnp 0 15 0 2 0 10 0 1 1 36 0 0 18 0 0 13 0 0 2 0 0 0 1 1 0
gold 0 0 0 0 0 0 0 2 0 0 89 0 0 0 0 0 0 0 2 0 0 1 0 0 0
grain 0 1 0 1 9 2 0 0 9 0 0 13 0 0 2 14 0 1 0 1 2 13 1 0 31
interest 0 0 0 0 0 1 0 3 2 1 0 0 63 0 1 27 0 0 1 0 1 0 0 0 0
livestock 0 0 0 0 2 7 0 0 10 1 0 1 2 31 0 2 0 0 0 1 0 9 2 4 1
money-fx 0 2 0 0 0 4 0 21 2 1 0 0 36 0 8 23 0 0 1 0 1 0 1 0 0
money-supply 0 10 0 0 0 6 0 1 3 0 0 0 10 0 0 67 0 0 3 0 0 0 0 0 0
nat-gas 0 1 0 0 0 9 4 0 7 0 0 0 1 0 0 2 49 0 0 0 0 1 0 1 0
oilseed 0 0 0 0 5 5 0 1 9 0 0 7 1 1 0 6 0 10 3 3 19 12 1 10 7
reserves 0 21 0 0 0 3 0 0 4 0 0 0 1 0 1 8 0 0 17 0 0 0 0 0 0
ship 0 1 0 1 2 3 0 1 12 0 2 8 3 0 1 4 2 0 1 32 2 8 1 1 1
soybean 0 0 0 0 8 4 0 1 8 0 0 2 0 1 0 4 0 5 3 1 24 6 1 5 5
sugar 0 0 3 0 2 2 0 0 4 0 0 0 0 0 0 5 0 1 0 0 0 80 1 1 1
trade 0 25 0 1 0 5 0 4 5 6 0 0 6 0 3 10 0 0 1 0 1 0 27 5 0
veg-oil 0 1 0 0 2 3 0 0 11 0 0 1 0 0 0 2 0 0 0 2 7 13 3 38 3
wheat 0 1 0 1 4 4 0 0 11 0 0 5 1 0 0 8 0 0 1 0 2 9 2 0 51
 
precision
acq: 0.12345679012345678
bop: 0.68
cocoa: 0.7272727272727273
coffee: 0.81
corn: 0.28
cpi: 0.7391304347826086
crude: 0.2708333333333333
dlr: 0.53
earn: 0.8541666666666666
gnp: 0.36
gold: 0.9468085106382979
grain: 0.13
interest: 0.63
livestock: 0.4246575342465753
money-fx: 0.08
money-supply: 0.67
nat-gas: 0.6533333333333333
oilseed: 0.1
reserves: 0.3090909090909091
ship: 0.37209302325581395
soybean: 0.3076923076923077
sugar: 0.8
trade: 0.2727272727272727
veg-oil: 0.4418604651162791
wheat: 0.51
 
recall
acq: 0.9090909090909091
bop: 0.3591549295774648
cocoa: 0.8695652173913043
coffee: 0.8901098901098901
corn: 0.45161290322580644
cpi: 0.35172413793103446
crude: 0.8666666666666667
dlr: 0.5955056179775281
earn: 0.3293172690763052
gnp: 0.72
gold: 0.89
grain: 0.325
interest: 0.36627906976744184
livestock: 0.9117647058823529
money-fx: 0.42105263157894735
money-supply: 0.22945205479452055
nat-gas: 0.6805555555555556
oilseed: 0.5263157894736842
reserves: 0.425
ship: 0.6666666666666666
soybean: 0.3333333333333333
sugar: 0.45714285714285713
trade: 0.6136363636363636
veg-oil: 0.5352112676056338
wheat: 0.4857142857142857
