numero arquivos;Não Encontrados;% Não Encontrados;Acertos em documentos definidos;Total Definido;Acurácia em Definidos;Acurácia Global
2263;20;0.008837825894829872;1114;2243;0.4966562639322336;0.49226690234202386

matriz de confusao
 acq bop cocoa coffee corn cpi crude dlr earn gnp gold grain interest livestock money-fx money-supply nat-gas oilseed reserves ship soybean sugar trade veg-oil wheat
acq 13 3 0 0 0 3 0 0 29 0 7 0 7 0 1 16 4 0 0 0 5 1 0 1 0
bop 0 60 0 1 0 0 0 0 1 3 0 0 4 0 0 4 0 0 1 0 0 0 0 1 0
cocoa 0 0 43 1 0 1 0 0 1 0 0 0 1 0 0 2 0 0 0 0 1 5 0 0 0
coffee 0 4 4 72 0 6 0 0 3 0 0 0 2 0 0 2 0 2 0 1 1 3 0 0 0
corn 0 3 0 0 29 5 0 0 8 0 1 4 0 1 1 15 0 3 2 0 2 17 2 2 5
cpi 0 3 0 0 0 49 0 1 1 3 0 0 2 0 0 8 0 0 2 0 0 0 0 0 0
crude 1 3 0 0 0 8 28 0 11 0 0 0 6 0 0 8 18 0 2 6 1 0 1 5 0
dlr 0 4 0 0 0 2 0 67 0 0 0 0 5 0 1 20 0 0 0 0 0 0 1 0 0
earn 0 2 0 0 0 2 0 0 85 1 0 0 1 0 0 6 0 0 0 0 1 0 0 0 0
gnp 0 15 0 2 0 8 0 1 1 44 0 0 13 0 0 11 0 0 2 0 0 0 1 2 0
gold 0 0 0 0 0 1 0 0 0 0 89 0 0 0 0 0 0 0 2 0 0 0 2 0 0
grain 0 3 0 0 11 2 0 0 7 0 0 12 0 0 1 14 0 0 1 2 2 14 2 0 29
interest 0 1 0 0 0 1 0 3 1 1 0 0 67 0 0 24 0 0 1 0 1 0 0 0 0
livestock 0 2 0 0 1 1 0 1 8 0 0 1 1 43 0 3 0 1 0 0 2 6 2 2 1
money-fx 0 3 0 0 0 4 0 25 1 2 0 0 34 0 8 20 0 0 1 0 1 0 1 0 0
money-supply 0 15 0 0 0 4 0 1 3 0 0 0 10 0 0 65 0 0 2 0 0 0 0 0 0
nat-gas 0 3 0 0 0 7 4 0 8 0 0 0 1 0 0 3 46 0 0 0 0 1 0 1 1
oilseed 0 1 0 0 4 5 0 1 5 0 0 4 1 1 0 7 0 9 2 4 19 14 7 10 6
reserves 0 17 0 0 0 1 0 5 4 0 0 0 0 0 0 6 0 0 22 0 0 0 0 0 0
ship 0 3 0 1 2 6 0 1 11 2 2 7 5 0 1 5 2 1 3 30 1 6 3 1 1
soybean 0 2 0 0 6 4 0 1 2 0 0 1 0 1 0 5 0 7 2 1 24 11 2 6 3
sugar 0 0 3 0 1 3 0 0 2 0 0 0 0 0 0 5 1 2 0 0 0 80 1 1 1
trade 0 25 0 0 0 1 1 4 4 7 0 0 6 1 3 10 0 0 1 0 0 0 33 4 0
veg-oil 0 1 0 0 1 2 0 0 8 0 0 0 0 0 0 3 0 0 0 3 5 13 0 48 3
wheat 0 3 0 0 5 3 0 0 11 0 0 4 1 0 0 8 0 0 2 0 1 10 4 0 48
 
precision
acq: 0.14444444444444443
bop: 0.8
cocoa: 0.7818181818181819
coffee: 0.72
corn: 0.29
cpi: 0.7101449275362319
crude: 0.2857142857142857
dlr: 0.67
earn: 0.8673469387755102
gnp: 0.44
gold: 0.9468085106382979
grain: 0.12
interest: 0.67
livestock: 0.5733333333333334
money-fx: 0.08
money-supply: 0.65
nat-gas: 0.6133333333333333
oilseed: 0.09
reserves: 0.4
ship: 0.3191489361702128
soybean: 0.3076923076923077
sugar: 0.8
trade: 0.33
veg-oil: 0.5517241379310345
wheat: 0.48
 
recall
acq: 0.9285714285714286
bop: 0.3409090909090909
cocoa: 0.86
coffee: 0.935064935064935
corn: 0.48333333333333334
cpi: 0.3798449612403101
crude: 0.8484848484848485
dlr: 0.6036036036036037
earn: 0.3953488372093023
gnp: 0.6984126984126984
gold: 0.898989898989899
grain: 0.36363636363636365
interest: 0.40119760479041916
livestock: 0.9148936170212766
money-fx: 0.5
money-supply: 0.24074074074074073
nat-gas: 0.647887323943662
oilseed: 0.36
reserves: 0.4583333333333333
ship: 0.6382978723404256
soybean: 0.3582089552238806
sugar: 0.4419889502762431
trade: 0.532258064516129
veg-oil: 0.5714285714285714
wheat: 0.4897959183673469
