numero arquivos;Não Encontrados;% Não Encontrados;Acertos em documentos definidos;Total Definido;Acurácia em Definidos;Acurácia Global
2263;1294;0.5718073353954927;542;969;0.5593395252837977;0.23950508174988952

matriz de confusao
 acq bop cocoa coffee corn cpi crude dlr earn gnp gold grain interest livestock money-fx money-supply nat-gas oilseed reserves ship soybean sugar trade veg-oil wheat
acq 4 0 0 0 0 0 0 0 2 0 4 0 2 0 0 6 0 0 0 0 0 1 0 1 0
bop 0 2 0 1 0 0 1 0 0 6 0 0 7 0 1 13 0 0 0 0 0 0 0 1 0
cocoa 0 0 27 4 0 0 0 0 0 0 0 0 2 0 0 5 0 0 0 0 0 5 0 0 0
coffee 0 0 0 94 0 0 0 0 0 0 0 0 0 0 0 0 0 0 0 0 0 3 0 1 0
corn 0 0 0 0 5 0 0 0 0 0 0 0 0 0 1 13 0 0 0 0 0 2 0 0 1
cpi 0 0 0 0 0 1 1 1 0 5 0 0 0 0 0 9 0 0 1 0 0 1 0 0 0
crude 0 0 0 0 0 0 44 0 0 0 0 0 1 0 0 9 7 0 0 2 0 0 0 0 0
dlr 0 2 0 0 0 0 0 3 0 0 0 0 0 0 12 28 0 0 0 0 0 0 2 0 0
earn 0 0 0 0 0 0 0 0 32 0 0 0 6 0 0 5 0 0 0 0 0 0 0 1 0
gnp 0 2 0 2 0 1 5 0 0 33 0 0 2 0 1 9 0 0 1 0 0 0 0 0 0
gold 0 0 0 0 0 0 0 0 0 0 58 0 0 0 0 0 0 0 0 0 0 0 0 0 0
grain 0 0 0 0 1 0 0 0 0 0 0 2 2 0 0 13 0 0 0 0 0 3 0 1 3
interest 0 0 0 0 0 0 0 1 0 0 0 0 23 0 1 15 0 0 0 0 0 0 0 0 0
livestock 0 0 0 0 0 0 0 0 0 0 0 0 1 6 0 2 0 0 0 0 0 6 0 0 0
money-fx 0 0 0 1 0 0 0 3 0 0 0 0 22 0 10 15 0 0 0 0 0 0 0 0 0
money-supply 0 0 0 0 0 0 0 1 0 0 0 0 4 0 0 30 0 0 0 0 0 0 0 0 0
nat-gas 0 0 0 0 0 0 20 0 0 0 0 0 2 0 0 2 21 0 0 0 0 1 0 0 0
oilseed 0 0 0 0 3 0 0 0 0 0 0 1 0 0 0 6 0 3 0 0 0 2 0 5 1
reserves 0 0 0 0 0 0 0 0 0 2 2 0 0 0 0 7 0 0 1 0 0 0 0 0 0
ship 0 0 0 1 0 0 0 0 0 0 0 0 3 0 0 0 0 0 0 11 0 4 0 2 0
soybean 0 0 0 1 3 0 0 0 0 0 0 1 0 0 0 5 0 3 0 0 1 0 0 4 1
sugar 0 0 0 1 0 0 0 0 0 0 0 0 0 0 0 4 0 0 0 0 0 91 0 1 0
trade 0 0 0 1 0 0 0 1 0 1 0 0 4 0 8 11 0 0 0 0 0 0 5 0 0
veg-oil 0 0 0 0 0 0 0 0 0 0 0 0 0 0 0 1 0 0 0 0 1 2 0 32 0
wheat 0 0 0 0 1 0 0 0 0 0 0 1 2 0 1 7 0 0 0 0 0 2 0 1 3
 
precision
acq: 0.2
bop: 0.0625
cocoa: 0.627906976744186
coffee: 0.9591836734693877
corn: 0.22727272727272727
cpi: 0.05263157894736842
crude: 0.6984126984126984
dlr: 0.06382978723404255
earn: 0.7272727272727273
gnp: 0.5892857142857143
gold: 1.0
grain: 0.08
interest: 0.575
livestock: 0.4
money-fx: 0.19607843137254902
money-supply: 0.8571428571428571
nat-gas: 0.45652173913043476
oilseed: 0.14285714285714285
reserves: 0.08333333333333333
ship: 0.5238095238095238
soybean: 0.05263157894736842
sugar: 0.9381443298969072
trade: 0.16129032258064516
veg-oil: 0.8888888888888888
wheat: 0.16666666666666666
 
recall
acq: 1.0
bop: 0.3333333333333333
cocoa: 1.0
coffee: 0.8867924528301887
corn: 0.38461538461538464
cpi: 0.5
crude: 0.6197183098591549
dlr: 0.3
earn: 0.9411764705882353
gnp: 0.7021276595744681
gold: 0.90625
grain: 0.4
interest: 0.27710843373493976
livestock: 1.0
money-fx: 0.2857142857142857
money-supply: 0.13953488372093023
nat-gas: 0.75
oilseed: 0.5
reserves: 0.3333333333333333
ship: 0.8461538461538461
soybean: 0.5
sugar: 0.7398373983739838
trade: 0.7142857142857143
veg-oil: 0.64
wheat: 0.3333333333333333
