numero arquivos;Não Encontrados;% Não Encontrados;Acertos em documentos definidos;Total Definido;Acurácia em Definidos;Acurácia Global
2263;6;0.0026513477684489617;1204;2257;0.5334514842711564;0.5320371188687583

matriz de confusao
 acq bop cocoa coffee corn cpi crude dlr earn gnp gold grain interest livestock money-fx money-supply nat-gas oilseed reserves ship soybean sugar trade veg-oil wheat
acq 29 1 0 0 0 2 2 0 25 0 6 2 2 0 0 17 2 0 0 0 3 1 3 2 0
bop 0 56 0 1 0 0 0 0 1 4 0 0 5 0 0 5 0 0 1 0 0 0 1 1 0
cocoa 0 0 42 1 0 0 0 0 0 0 0 0 0 0 0 2 0 0 0 0 1 5 4 0 0
coffee 0 2 1 78 0 3 0 0 1 0 0 0 2 0 0 1 0 2 0 1 2 2 5 0 0
corn 0 1 0 0 33 3 0 0 8 0 1 4 0 0 1 15 0 6 2 0 1 16 4 2 3
cpi 0 1 0 0 0 50 0 1 1 5 0 0 1 0 0 8 0 0 2 0 0 0 0 0 0
crude 1 0 0 0 0 1 58 0 9 1 0 0 1 0 0 6 12 0 0 4 1 0 4 2 0
dlr 0 2 0 0 0 1 0 61 0 0 0 0 5 0 1 20 0 0 0 0 0 0 10 0 0
earn 0 1 0 0 0 1 0 0 89 1 0 0 1 0 0 4 0 0 0 0 1 0 0 0 0
gnp 0 10 0 2 0 4 0 0 1 59 0 0 10 0 0 10 0 0 2 0 0 0 1 1 0
gold 0 0 0 0 0 1 0 0 0 0 87 0 0 0 0 1 0 0 2 0 0 0 2 1 0
grain 0 1 0 0 13 1 0 0 5 0 0 11 0 0 1 15 0 0 3 2 2 14 4 1 27
interest 0 0 0 0 0 1 0 3 1 2 0 0 63 0 0 29 0 0 0 0 1 0 0 0 0
livestock 0 0 0 0 1 0 0 0 6 0 0 0 1 50 0 3 0 2 0 0 2 4 4 1 1
money-fx 0 1 0 0 0 3 0 24 1 3 0 0 32 0 8 24 0 0 2 0 1 0 1 0 0
money-supply 0 14 0 0 0 4 0 1 3 1 0 0 9 0 0 67 0 0 1 0 0 0 0 0 0
nat-gas 0 2 0 0 0 6 14 0 6 0 0 0 1 0 0 2 41 0 0 0 0 1 1 1 0
oilseed 0 1 0 1 6 4 1 1 5 0 0 3 0 0 0 7 0 11 3 4 15 10 10 10 8
reserves 0 9 0 0 0 1 0 2 4 1 0 0 0 0 0 5 0 0 33 0 0 0 0 0 0
ship 1 0 0 1 3 4 2 0 10 3 1 6 5 0 0 6 1 1 4 33 1 6 9 2 0
soybean 0 2 0 0 8 3 0 1 2 0 0 1 0 0 0 5 0 10 4 0 22 7 4 6 3
sugar 0 0 1 2 2 1 0 0 2 0 0 0 0 0 0 5 1 1 0 0 1 78 4 1 1
trade 0 15 0 0 0 1 1 3 2 8 0 0 2 1 3 9 0 0 2 0 0 0 52 1 0
veg-oil 0 0 0 0 0 2 7 0 8 0 0 0 0 0 0 3 0 0 1 2 9 7 0 45 3
wheat 0 2 0 0 6 2 0 0 9 0 0 4 0 0 0 7 0 2 4 0 0 10 5 1 48
 
precision
acq: 0.29896907216494845
bop: 0.7466666666666667
cocoa: 0.7636363636363637
coffee: 0.78
corn: 0.33
cpi: 0.7246376811594203
crude: 0.58
dlr: 0.61
earn: 0.9081632653061225
gnp: 0.59
gold: 0.925531914893617
grain: 0.11
interest: 0.63
livestock: 0.6666666666666666
money-fx: 0.08
money-supply: 0.67
nat-gas: 0.5466666666666666
oilseed: 0.11
reserves: 0.6
ship: 0.3333333333333333
soybean: 0.28205128205128205
sugar: 0.78
trade: 0.52
veg-oil: 0.5172413793103449
wheat: 0.48
 
recall
acq: 0.9354838709677419
bop: 0.4628099173553719
cocoa: 0.9545454545454546
coffee: 0.9069767441860465
corn: 0.4583333333333333
cpi: 0.5050505050505051
crude: 0.6823529411764706
dlr: 0.6288659793814433
earn: 0.4472361809045226
gnp: 0.6704545454545454
gold: 0.9157894736842105
grain: 0.3548387096774194
interest: 0.45
livestock: 0.9803921568627451
money-fx: 0.5714285714285714
money-supply: 0.2427536231884058
nat-gas: 0.7192982456140351
oilseed: 0.3142857142857143
reserves: 0.5
ship: 0.717391304347826
soybean: 0.3492063492063492
sugar: 0.484472049689441
trade: 0.40625
veg-oil: 0.5769230769230769
wheat: 0.5106382978723404
