numero arquivos;Não Encontrados;% Não Encontrados;Acertos em documentos definidos;Total Definido;Acurácia em Definidos;Acurácia Global
2263;1048;0.4631020768890853;677;1215;0.557201646090535;0.29916040653999115

matriz de confusao
 acq bop cocoa coffee corn cpi crude dlr earn gnp gold grain interest livestock money-fx money-supply nat-gas oilseed reserves ship soybean sugar trade veg-oil wheat
acq 4 0 0 0 0 0 0 0 2 0 7 0 2 0 0 6 0 0 0 0 0 1 0 1 0
bop 0 4 0 1 0 2 0 0 0 5 1 0 7 0 1 13 0 0 0 0 0 0 0 1 0
cocoa 0 0 32 4 0 0 0 0 0 0 0 0 1 0 0 5 0 0 0 0 0 4 0 0 0
coffee 0 0 1 93 0 0 0 0 0 0 0 0 0 0 0 0 0 0 0 1 0 2 0 1 0
corn 0 0 0 0 7 0 0 0 0 0 0 0 0 1 1 13 0 2 0 0 3 2 0 0 1
cpi 0 0 0 0 0 40 0 1 0 3 0 0 0 0 0 9 0 0 1 0 0 0 0 0 0
crude 0 0 0 0 1 0 45 0 0 0 0 0 2 0 0 9 8 0 0 3 0 0 0 0 0
dlr 0 2 0 0 0 3 0 11 0 0 0 0 0 0 11 28 0 0 0 0 0 0 4 0 0
earn 0 0 0 0 0 0 0 0 42 0 0 0 6 0 0 5 0 0 0 0 0 0 0 1 0
gnp 0 3 0 2 0 20 0 2 0 30 0 0 2 0 1 9 0 0 1 0 0 0 1 0 0
gold 0 0 0 0 0 2 0 0 0 0 92 0 0 0 0 0 0 0 0 0 0 0 0 0 0
grain 0 0 0 0 4 0 0 0 0 0 0 3 2 1 0 13 0 0 0 0 3 3 0 1 6
interest 0 0 0 0 0 2 0 1 0 0 0 0 25 0 1 15 0 0 0 0 0 0 0 0 0
livestock 0 0 2 0 0 0 0 0 0 0 0 0 1 9 0 2 0 0 0 0 0 6 0 0 0
money-fx 0 0 0 1 0 2 0 8 0 0 1 0 22 0 9 15 0 0 0 0 0 0 0 0 0
money-supply 0 0 0 0 0 5 0 1 0 0 0 0 5 0 0 38 0 0 0 0 0 0 0 0 0
nat-gas 0 0 0 0 1 0 19 0 0 0 1 0 2 0 0 2 22 0 0 0 1 1 0 0 0
oilseed 0 0 0 0 4 0 0 0 0 0 0 1 0 1 0 6 0 8 0 0 2 2 0 7 1
reserves 0 0 0 0 0 4 0 0 0 1 18 0 0 0 0 7 0 0 1 0 0 0 0 0 0
ship 0 0 0 1 0 0 0 0 0 0 0 1 3 0 0 0 0 0 0 18 0 4 0 2 0
soybean 0 0 0 1 6 0 0 0 0 0 0 1 0 1 0 5 0 7 0 0 3 0 0 7 1
sugar 0 0 1 1 0 0 0 0 0 0 0 0 0 0 0 4 0 0 0 0 0 90 0 1 0
trade 0 0 0 1 0 0 0 2 0 1 0 0 4 1 8 11 0 0 0 0 0 0 9 0 0
veg-oil 0 0 0 0 0 0 0 0 0 0 0 0 0 1 0 1 0 0 0 0 1 2 0 36 0
wheat 0 0 0 0 3 0 0 0 0 0 0 1 2 1 1 7 0 0 0 0 4 2 0 1 6
 
precision
acq: 0.17391304347826086
bop: 0.11428571428571428
cocoa: 0.6956521739130435
coffee: 0.9489795918367347
corn: 0.23333333333333334
cpi: 0.7407407407407407
crude: 0.6617647058823529
dlr: 0.1864406779661017
earn: 0.7777777777777778
gnp: 0.4225352112676056
gold: 0.9787234042553191
grain: 0.08333333333333333
interest: 0.5681818181818182
livestock: 0.45
money-fx: 0.15517241379310345
money-supply: 0.7755102040816326
nat-gas: 0.4489795918367347
oilseed: 0.25
reserves: 0.03225806451612903
ship: 0.6206896551724138
soybean: 0.09375
sugar: 0.9278350515463918
trade: 0.24324324324324326
veg-oil: 0.8780487804878049
wheat: 0.21428571428571427
 
recall
acq: 1.0
bop: 0.4444444444444444
cocoa: 0.8888888888888888
coffee: 0.8857142857142857
corn: 0.2692307692307692
cpi: 0.5
crude: 0.703125
dlr: 0.4230769230769231
earn: 0.9545454545454546
gnp: 0.75
gold: 0.7666666666666667
grain: 0.42857142857142855
interest: 0.29069767441860467
livestock: 0.5625
money-fx: 0.2727272727272727
money-supply: 0.17040358744394618
nat-gas: 0.7333333333333333
oilseed: 0.47058823529411764
reserves: 0.3333333333333333
ship: 0.8181818181818182
soybean: 0.17647058823529413
sugar: 0.7563025210084033
trade: 0.6428571428571429
veg-oil: 0.6101694915254238
wheat: 0.4
