numero arquivos;Não Encontrados;% Não Encontrados;Acertos em documentos definidos;Total Definido;Acurácia em Definidos;Acurácia Global
2263;500;0.2209456473707468;794;1763;0.450368689733409;0.35086168802474593

matriz de confusao
 acq bop cocoa coffee corn cpi crude dlr earn gnp gold grain interest livestock money-fx money-supply nat-gas oilseed reserves ship soybean sugar trade veg-oil wheat
acq 5 11 0 0 0 1 0 0 2 0 6 0 2 0 0 6 0 0 0 0 0 0 0 1 0
bop 0 44 0 1 0 6 0 0 0 3 0 0 4 0 0 13 0 0 0 0 0 0 0 0 0
cocoa 0 1 46 3 0 0 0 0 0 0 0 0 0 0 0 5 0 0 0 0 0 0 0 0 0
coffee 0 4 4 90 0 0 0 0 0 0 0 0 0 0 0 0 0 0 0 1 0 0 0 1 0
corn 0 4 0 0 6 4 0 0 0 0 0 31 0 0 3 13 0 1 0 0 9 0 0 0 0
cpi 0 4 0 0 0 51 0 1 0 2 0 0 0 0 0 9 0 0 1 0 0 0 0 0 0
crude 0 9 0 0 1 4 35 0 0 0 0 0 2 0 0 9 9 0 0 6 0 0 0 0 0
dlr 0 10 0 0 0 6 0 11 0 0 0 0 2 0 8 28 0 0 0 0 0 0 4 0 0
earn 0 13 0 0 0 3 0 0 55 0 0 1 4 0 0 5 0 0 0 0 0 0 0 1 0
gnp 0 24 0 2 0 18 0 2 0 24 0 0 2 0 1 9 0 0 1 0 0 0 1 0 0
gold 0 0 0 0 0 2 0 0 0 0 91 0 0 0 0 0 0 0 0 1 0 0 0 0 0
grain 0 3 0 0 2 5 0 0 0 0 0 35 2 0 2 13 0 0 0 0 3 2 0 1 7
interest 0 21 0 0 0 7 0 2 0 1 0 0 25 0 1 15 0 0 0 0 0 0 0 0 0
livestock 0 0 2 0 0 4 0 0 0 0 0 5 1 13 0 2 0 0 0 1 1 4 0 0 0
money-fx 0 17 0 1 0 6 0 8 0 1 1 0 21 0 9 15 0 0 0 0 0 0 0 0 0
money-supply 0 45 0 0 0 11 0 1 0 0 0 0 4 0 0 31 0 0 0 0 0 0 0 0 0
nat-gas 0 13 0 0 1 4 13 0 0 0 1 0 2 0 0 2 17 0 0 0 0 1 0 0 0
oilseed 0 2 0 0 2 1 0 0 0 0 0 18 0 0 0 6 0 3 0 0 42 2 0 5 0
reserves 0 40 0 0 0 4 0 0 0 0 2 0 0 0 0 7 0 0 1 0 0 0 0 0 0
ship 0 6 0 1 0 3 0 0 0 0 0 13 3 0 0 0 0 0 0 20 0 4 0 2 0
soybean 0 0 0 1 2 0 0 0 0 0 0 10 0 0 0 5 0 2 0 0 52 0 0 4 0
sugar 0 0 3 1 0 2 0 0 0 0 0 4 0 0 0 4 0 0 0 0 0 84 0 1 0
trade 0 33 0 0 0 5 0 2 0 1 0 1 2 1 7 11 0 0 0 0 0 0 10 0 0
veg-oil 0 5 0 0 0 3 0 0 0 0 0 4 0 1 0 1 0 0 0 0 17 0 1 29 0
wheat 0 3 0 0 2 5 0 0 0 0 0 25 2 0 1 7 0 0 0 0 5 1 0 1 7
 
precision
acq: 0.14705882352941177
bop: 0.6197183098591549
cocoa: 0.8363636363636363
coffee: 0.9
corn: 0.08450704225352113
cpi: 0.75
crude: 0.4666666666666667
dlr: 0.15942028985507245
earn: 0.6707317073170732
gnp: 0.2857142857142857
gold: 0.9680851063829787
grain: 0.4666666666666667
interest: 0.3472222222222222
livestock: 0.3939393939393939
money-fx: 0.11392405063291139
money-supply: 0.33695652173913043
nat-gas: 0.3148148148148148
oilseed: 0.037037037037037035
reserves: 0.018518518518518517
ship: 0.38461538461538464
soybean: 0.6842105263157895
sugar: 0.8484848484848485
trade: 0.136986301369863
veg-oil: 0.47540983606557374
wheat: 0.11864406779661017
 
recall
acq: 1.0
bop: 0.14102564102564102
cocoa: 0.8363636363636363
coffee: 0.9
corn: 0.375
cpi: 0.32903225806451614
crude: 0.7291666666666666
dlr: 0.4074074074074074
earn: 0.9649122807017544
gnp: 0.75
gold: 0.900990099009901
grain: 0.23809523809523808
interest: 0.32051282051282054
livestock: 0.8666666666666667
money-fx: 0.28125
money-supply: 0.14351851851851852
nat-gas: 0.6538461538461539
oilseed: 0.5
reserves: 0.3333333333333333
ship: 0.6896551724137931
soybean: 0.40310077519379844
sugar: 0.8571428571428571
trade: 0.625
veg-oil: 0.6304347826086957
wheat: 0.5
