numero arquivos;Não Encontrados;% Não Encontrados;Acertos em documentos definidos;Total Definido;Acurácia em Definidos;Acurácia Global
2263;356;0.15731330092797172;879;1907;0.4609334032511799;0.3884224480777729

matriz de confusao
 acq bop cocoa coffee corn cpi crude dlr earn gnp gold grain interest livestock money-fx money-supply nat-gas oilseed reserves ship soybean sugar trade veg-oil wheat
acq 7 10 0 0 0 1 0 0 2 0 6 1 6 0 0 6 4 0 0 0 0 0 0 1 0
bop 0 42 0 1 0 6 0 0 0 3 0 0 8 0 0 13 0 0 0 0 0 0 0 0 0
cocoa 0 1 46 3 0 0 0 0 0 0 0 0 0 0 0 5 0 0 0 0 0 0 0 0 0
coffee 0 4 4 88 0 0 0 0 0 0 0 0 2 0 0 0 0 0 0 1 0 0 0 1 0
corn 0 2 0 0 6 4 0 0 0 0 0 36 0 0 3 13 0 1 0 0 7 0 0 0 1
cpi 0 4 0 0 0 51 0 1 0 2 0 0 1 0 0 9 0 0 1 0 0 0 0 0 0
crude 0 8 0 0 0 4 32 0 0 0 0 0 6 0 0 9 15 0 0 8 0 0 0 0 0
dlr 0 5 0 0 0 4 0 11 0 0 0 0 38 0 4 28 0 0 0 0 0 0 4 0 0
earn 0 11 0 0 0 3 0 0 55 0 0 1 6 0 0 5 1 0 0 0 0 0 0 1 0
gnp 0 19 0 2 0 13 0 0 0 34 0 0 17 0 1 9 0 0 1 0 0 0 1 0 0
gold 0 0 0 0 0 0 0 0 0 0 91 0 0 0 0 0 0 0 3 0 0 0 0 0 0
grain 0 2 0 0 2 4 0 0 0 0 0 39 2 0 2 13 0 0 0 0 3 2 0 1 7
interest 0 17 0 0 0 1 0 2 0 2 0 2 56 0 1 16 0 0 0 0 0 0 0 0 0
livestock 0 0 2 0 0 4 0 0 0 0 0 5 1 19 0 2 0 0 0 1 1 4 0 0 0
money-fx 0 13 0 1 0 4 0 8 0 2 1 1 43 0 7 15 0 0 0 0 0 0 0 0 0
money-supply 0 40 0 0 0 8 0 1 0 1 0 0 16 0 0 32 0 0 0 0 0 0 0 0 0
nat-gas 0 5 0 0 0 4 9 0 0 0 0 0 2 0 0 2 49 0 0 0 0 1 0 0 0
oilseed 0 2 0 0 2 2 0 0 0 0 0 18 0 0 0 6 0 3 0 0 40 2 0 5 1
reserves 0 36 0 0 0 1 0 0 0 0 0 0 6 0 0 7 0 0 5 0 0 0 0 0 0
ship 0 6 0 1 0 3 0 0 0 0 0 13 5 0 0 0 0 0 0 20 0 4 0 2 0
soybean 0 0 0 1 2 1 0 0 0 0 0 10 0 0 0 5 0 2 0 0 50 0 0 4 1
sugar 0 0 3 1 0 2 0 0 0 0 0 4 0 0 0 4 0 0 0 0 0 84 0 1 0
trade 0 31 0 0 0 5 0 2 0 2 0 1 8 1 4 11 0 0 0 0 0 0 14 0 0
veg-oil 0 5 0 0 0 3 0 0 0 0 0 4 0 1 0 1 0 0 0 0 17 0 1 29 0
wheat 0 3 0 0 2 5 0 0 0 0 0 25 2 0 1 7 0 0 0 0 4 1 0 1 9
 
precision
acq: 0.1590909090909091
bop: 0.5753424657534246
cocoa: 0.8363636363636363
coffee: 0.88
corn: 0.0821917808219178
cpi: 0.7391304347826086
crude: 0.3902439024390244
dlr: 0.11702127659574468
earn: 0.6626506024096386
gnp: 0.35051546391752575
gold: 0.9680851063829787
grain: 0.5064935064935064
interest: 0.5773195876288659
livestock: 0.48717948717948717
money-fx: 0.07368421052631578
money-supply: 0.32653061224489793
nat-gas: 0.6805555555555556
oilseed: 0.037037037037037035
reserves: 0.09090909090909091
ship: 0.37037037037037035
soybean: 0.6578947368421053
sugar: 0.8484848484848485
trade: 0.17721518987341772
veg-oil: 0.47540983606557374
wheat: 0.15
 
recall
acq: 1.0
bop: 0.15789473684210525
cocoa: 0.8363636363636363
coffee: 0.8979591836734694
corn: 0.42857142857142855
cpi: 0.38345864661654133
crude: 0.7804878048780488
dlr: 0.44
earn: 0.9649122807017544
gnp: 0.7391304347826086
gold: 0.9285714285714286
grain: 0.24375
interest: 0.24888888888888888
livestock: 0.9047619047619048
money-fx: 0.30434782608695654
money-supply: 0.14678899082568808
nat-gas: 0.7101449275362319
oilseed: 0.5
reserves: 0.5
ship: 0.6666666666666666
soybean: 0.4098360655737705
sugar: 0.8571428571428571
trade: 0.7
veg-oil: 0.6304347826086957
wheat: 0.47368421052631576
