numero arquivos;Não Encontrados;% Não Encontrados;Acertos em documentos definidos;Total Definido;Acurácia em Definidos;Acurácia Global
2263;220;0.09721608484312859;948;2043;0.46402349486049926;0.4189129474149359

matriz de confusao
 acq bop cocoa coffee corn cpi crude dlr earn gnp gold grain interest livestock money-fx money-supply nat-gas oilseed reserves ship soybean sugar trade veg-oil wheat
acq 7 7 0 0 0 10 0 0 2 1 8 1 7 0 0 6 4 0 0 0 2 0 0 1 0
bop 0 40 0 0 0 8 0 1 0 4 0 0 8 0 0 13 0 0 0 0 0 0 0 0 0
cocoa 0 1 46 3 0 0 0 0 0 0 0 0 0 0 0 5 0 0 0 0 0 0 0 0 0
coffee 0 2 4 87 0 3 0 0 0 1 0 0 2 0 0 0 0 0 0 1 0 0 0 0 0
corn 0 2 0 0 6 16 0 0 0 0 0 27 2 0 2 13 0 1 0 0 8 0 0 0 3
cpi 0 2 0 0 0 50 0 1 0 2 0 0 3 0 0 9 0 0 2 0 0 0 0 0 0
crude 0 7 0 1 0 18 20 0 0 0 2 0 5 0 0 9 16 0 0 9 4 0 0 0 0
dlr 0 3 0 0 0 1 0 41 0 0 0 0 22 0 0 29 0 0 0 0 0 0 4 0 0
earn 0 6 0 0 0 4 0 0 65 2 1 1 6 0 0 5 0 0 0 0 0 0 0 1 0
gnp 0 11 0 1 0 9 0 0 0 47 0 0 19 0 0 10 0 0 2 0 0 0 1 0 0
gold 0 0 0 0 0 0 0 0 0 0 92 0 0 0 0 0 0 0 2 0 0 0 0 0 0
grain 0 1 0 1 2 15 0 0 0 0 0 33 1 0 1 13 0 0 0 1 3 2 0 1 10
interest 0 2 0 0 0 0 0 2 0 2 0 1 64 0 0 29 0 0 0 0 0 0 0 0 0
livestock 0 0 0 0 0 9 0 0 1 1 0 2 3 26 0 2 0 0 0 5 0 3 0 2 1
money-fx 0 2 0 1 0 3 0 21 0 2 0 1 42 0 5 23 0 0 0 0 0 0 0 0 0
money-supply 0 31 0 0 0 6 0 1 3 2 0 0 12 0 0 39 0 0 0 0 6 0 0 0 0
nat-gas 0 3 0 0 0 11 8 0 0 1 0 0 2 0 0 2 46 0 0 1 0 1 0 0 0
oilseed 0 1 0 0 2 10 0 0 0 0 0 14 0 0 0 6 0 3 0 3 39 1 0 6 4
reserves 0 34 0 0 0 3 0 1 0 0 0 0 6 0 0 7 0 0 4 0 0 0 0 0 0
ship 0 6 0 1 0 3 0 0 0 0 0 9 7 0 0 0 0 0 0 31 1 4 0 2 1
soybean 0 0 0 1 2 5 0 0 0 1 0 7 0 0 0 5 0 2 0 1 49 0 0 3 1
sugar 0 0 3 1 0 7 0 0 0 1 0 2 0 0 0 4 0 0 0 0 0 81 0 0 0
trade 0 22 0 1 0 9 0 6 0 6 0 1 10 1 3 11 0 0 0 0 0 0 15 0 0
veg-oil 0 1 0 0 0 11 0 0 0 1 0 3 1 0 0 1 0 0 0 2 15 0 0 38 4
wheat 0 2 0 1 2 17 0 0 1 0 0 20 1 0 1 7 0 0 0 0 5 1 0 1 13
 
precision
acq: 0.125
bop: 0.5405405405405406
cocoa: 0.8363636363636363
coffee: 0.87
corn: 0.075
cpi: 0.7246376811594203
crude: 0.21978021978021978
dlr: 0.41
earn: 0.7142857142857143
gnp: 0.47
gold: 0.9787234042553191
grain: 0.39285714285714285
interest: 0.64
livestock: 0.4727272727272727
money-fx: 0.05
money-supply: 0.39
nat-gas: 0.6133333333333333
oilseed: 0.033707865168539325
reserves: 0.07272727272727272
ship: 0.47692307692307695
soybean: 0.6363636363636364
sugar: 0.8181818181818182
trade: 0.17647058823529413
veg-oil: 0.4935064935064935
wheat: 0.18055555555555555
 
recall
acq: 1.0
bop: 0.21505376344086022
cocoa: 0.8679245283018868
coffee: 0.8787878787878788
corn: 0.42857142857142855
cpi: 0.21929824561403508
crude: 0.7142857142857143
dlr: 0.5540540540540541
earn: 0.9027777777777778
gnp: 0.6351351351351351
gold: 0.8932038834951457
grain: 0.27049180327868855
interest: 0.28699551569506726
livestock: 0.9629629629629629
money-fx: 0.4166666666666667
money-supply: 0.15725806451612903
nat-gas: 0.696969696969697
oilseed: 0.5
reserves: 0.4
ship: 0.5740740740740741
soybean: 0.3712121212121212
sugar: 0.8709677419354839
trade: 0.75
veg-oil: 0.6909090909090909
wheat: 0.35135135135135137
