numero arquivos;Não Encontrados;% Não Encontrados;Acertos em documentos definidos;Total Definido;Acurácia em Definidos;Acurácia Global
2263;17;0.007512152010605391;1217;2246;0.5418521816562778;0.5377817057003977

matriz de confusao
 acq bop cocoa coffee corn cpi crude dlr earn gnp gold grain interest livestock money-fx money-supply nat-gas oilseed reserves ship soybean sugar trade veg-oil wheat
acq 13 3 0 0 1 8 0 0 2 4 7 0 5 0 0 23 5 0 1 0 6 0 1 0 5
bop 0 65 0 0 0 0 0 0 0 5 0 0 2 0 0 1 0 0 1 0 0 0 1 0 0
cocoa 0 0 42 1 0 0 0 1 0 0 0 0 1 0 0 2 0 0 0 0 1 4 3 0 0
coffee 0 2 1 74 0 4 1 0 0 3 0 0 2 0 0 2 0 2 0 1 1 2 5 0 0
corn 0 0 0 0 41 4 0 0 0 0 0 3 1 0 0 16 0 6 1 0 2 9 2 1 14
cpi 0 3 0 0 0 50 0 1 0 5 0 0 1 0 0 8 0 0 1 0 0 0 0 0 0
crude 0 1 0 0 0 2 64 0 1 1 0 0 2 0 0 10 7 0 1 6 2 0 3 0 0
dlr 0 2 0 0 0 0 0 68 0 1 0 0 6 0 0 18 0 0 0 0 0 0 5 0 0
earn 0 4 0 0 0 2 0 0 72 10 0 0 4 0 0 8 0 0 0 0 0 0 0 0 0
gnp 0 13 0 1 0 5 0 0 0 59 0 0 10 0 0 9 0 0 1 0 0 0 1 1 0
gold 0 0 0 0 0 0 0 0 0 0 89 0 0 0 0 2 0 0 2 0 0 1 0 0 0
grain 0 1 0 0 22 0 0 0 1 1 0 12 1 0 0 14 0 1 0 2 1 5 2 1 36
interest 0 3 0 0 0 1 0 2 0 2 0 0 63 0 1 28 0 0 0 0 0 0 0 0 0
livestock 0 0 1 0 1 5 0 0 0 1 0 0 3 40 0 5 0 6 0 0 0 2 1 2 8
money-fx 0 4 0 0 0 3 0 26 0 3 0 0 34 0 6 23 0 0 1 0 0 0 0 0 0
money-supply 0 14 0 0 0 5 0 1 2 1 0 0 8 0 0 68 0 0 1 0 0 0 0 0 0
nat-gas 0 3 0 0 0 6 14 0 0 0 0 0 1 0 0 3 41 1 4 0 0 1 1 0 0
oilseed 0 0 0 0 7 3 2 1 0 2 0 3 0 0 0 8 0 19 0 0 21 9 1 9 15
reserves 0 18 0 0 0 1 0 0 0 2 0 0 2 0 0 7 0 0 25 0 0 0 0 0 0
ship 0 2 0 1 1 4 0 0 0 2 0 6 4 0 0 6 0 0 3 53 0 7 2 1 7
soybean 0 1 0 0 9 3 1 1 0 2 0 0 0 0 0 5 0 10 1 0 27 5 0 5 8
sugar 0 1 1 2 1 2 0 0 0 1 0 0 0 0 0 5 0 1 0 0 0 77 4 2 3
trade 0 19 0 0 0 1 1 5 0 6 0 0 3 1 3 10 0 0 0 0 0 0 45 3 3
veg-oil 0 1 0 0 1 2 9 0 0 0 0 1 0 0 0 6 0 0 2 0 8 9 0 39 9
wheat 0 1 0 0 8 1 0 0 0 1 0 3 0 0 0 7 0 3 1 0 0 7 3 0 65
 
precision
acq: 0.15476190476190477
bop: 0.8666666666666667
cocoa: 0.7636363636363637
coffee: 0.74
corn: 0.41
cpi: 0.7246376811594203
crude: 0.64
dlr: 0.68
earn: 0.72
gnp: 0.59
gold: 0.9468085106382979
grain: 0.12
interest: 0.63
livestock: 0.5333333333333333
money-fx: 0.06
money-supply: 0.68
nat-gas: 0.5466666666666666
oilseed: 0.19
reserves: 0.45454545454545453
ship: 0.5353535353535354
soybean: 0.34615384615384615
sugar: 0.77
trade: 0.45
veg-oil: 0.4482758620689655
wheat: 0.65
 
recall
acq: 1.0
bop: 0.40372670807453415
cocoa: 0.9333333333333333
coffee: 0.9367088607594937
corn: 0.44565217391304346
cpi: 0.44642857142857145
crude: 0.6956521739130435
dlr: 0.6415094339622641
earn: 0.9230769230769231
gnp: 0.5267857142857143
gold: 0.9270833333333334
grain: 0.42857142857142855
interest: 0.4117647058823529
livestock: 0.975609756097561
money-fx: 0.6
money-supply: 0.23129251700680273
nat-gas: 0.7735849056603774
oilseed: 0.3877551020408163
reserves: 0.5434782608695652
ship: 0.8548387096774194
soybean: 0.391304347826087
sugar: 0.5579710144927537
trade: 0.5625
veg-oil: 0.609375
wheat: 0.37572254335260113
