numero arquivos;Não Encontrados;% Não Encontrados;Acertos em documentos definidos;Total Definido;Acurácia em Definidos;Acurácia Global
2263;520;0.22978347326557666;853;1743;0.48938611589214;0.37693327441449404

matriz de confusao
 acq bop cocoa coffee corn cpi crude dlr earn gnp gold grain interest livestock money-fx money-supply nat-gas oilseed reserves ship soybean sugar trade veg-oil wheat
acq 4 11 0 0 2 0 0 0 0 0 6 0 4 0 0 0 0 0 2 0 0 0 0 1 0
bop 0 60 0 0 0 1 0 3 0 2 0 0 4 0 0 0 0 0 0 0 0 0 0 0 0
cocoa 0 1 31 0 0 0 0 0 0 0 0 0 0 0 0 0 0 0 0 0 1 6 0 0 0
coffee 0 9 0 41 1 2 0 0 0 0 0 0 5 0 0 0 0 0 0 0 1 6 0 1 0
corn 0 2 0 0 43 0 0 0 0 0 0 17 1 0 0 0 0 0 1 0 5 0 0 0 22
cpi 0 6 0 0 0 38 0 2 0 1 0 0 2 0 0 0 0 0 0 0 0 0 0 0 1
crude 0 15 0 0 0 0 22 1 0 0 0 0 4 0 0 0 5 0 7 0 0 0 0 0 0
dlr 0 2 0 0 0 0 0 64 0 0 0 0 28 0 0 0 0 0 0 0 0 0 0 0 1
earn 0 15 0 0 0 0 0 0 42 0 0 1 3 0 0 0 0 0 0 0 0 0 0 1 0
gnp 0 23 0 0 0 9 0 7 0 24 0 0 20 0 0 0 0 0 2 0 0 0 0 0 0
gold 0 2 0 0 0 0 0 2 0 0 83 0 1 0 0 0 0 0 6 0 0 0 0 0 0
grain 0 2 0 0 16 0 0 0 0 0 0 26 1 0 0 0 0 0 0 0 1 1 0 0 46
interest 0 12 0 0 0 0 0 1 0 0 0 0 61 0 0 0 0 0 13 0 0 0 0 0 0
livestock 0 0 0 0 2 0 0 0 0 0 0 4 0 21 0 0 0 0 0 0 0 3 0 0 1
money-fx 0 7 0 0 0 0 0 26 0 0 1 0 45 0 1 0 0 0 9 0 0 0 0 0 0
money-supply 0 48 0 0 0 2 0 1 0 0 0 0 24 0 0 1 0 0 10 0 0 0 0 0 0
nat-gas 0 10 0 0 0 0 3 0 0 0 1 0 0 0 0 0 14 0 18 0 0 1 0 0 0
oilseed 0 3 0 0 7 0 0 0 0 0 0 13 0 0 0 0 0 0 2 0 39 1 0 3 14
reserves 0 34 0 0 0 0 0 0 0 0 0 0 5 0 0 0 0 0 16 0 0 0 0 0 0
ship 0 6 0 0 0 0 0 0 0 0 0 13 4 0 0 0 0 0 0 1 0 4 0 2 2
soybean 0 1 0 0 7 0 0 0 0 0 0 7 0 0 0 0 0 0 1 0 48 0 0 2 10
sugar 0 0 0 0 2 0 0 0 0 0 0 1 0 0 0 0 0 0 0 0 0 92 0 1 2
trade 0 36 0 0 1 0 0 9 0 1 0 1 5 0 0 0 0 0 4 0 0 0 7 0 0
veg-oil 0 5 0 0 2 0 0 0 0 0 0 3 0 0 0 0 0 0 2 0 19 0 1 30 6
wheat 0 4 0 0 3 0 0 0 0 0 0 6 0 0 0 0 0 0 1 0 2 0 0 0 83
 
precision
acq: 0.13333333333333333
bop: 0.8571428571428571
cocoa: 0.7948717948717948
coffee: 0.6212121212121212
corn: 0.4725274725274725
cpi: 0.76
crude: 0.4074074074074074
dlr: 0.6736842105263158
earn: 0.6774193548387096
gnp: 0.2823529411764706
gold: 0.8829787234042553
grain: 0.27956989247311825
interest: 0.7011494252873564
livestock: 0.6774193548387096
money-fx: 0.011235955056179775
money-supply: 0.011627906976744186
nat-gas: 0.2978723404255319
oilseed: 0.0
reserves: 0.2909090909090909
ship: 0.03125
soybean: 0.631578947368421
sugar: 0.9387755102040817
trade: 0.109375
veg-oil: 0.4411764705882353
wheat: 0.8383838383838383
 
recall
acq: 1.0
bop: 0.1910828025477707
cocoa: 1.0
coffee: 1.0
corn: 0.5
cpi: 0.7307692307692307
crude: 0.88
dlr: 0.5517241379310345
earn: 1.0
gnp: 0.8571428571428571
gold: 0.9120879120879121
grain: 0.2826086956521739
interest: 0.28110599078341014
livestock: 1.0
money-fx: 1.0
money-supply: 1.0
nat-gas: 0.7368421052631579
oilseed: NaN
reserves: 0.1702127659574468
ship: 1.0
soybean: 0.41379310344827586
sugar: 0.8070175438596491
trade: 0.875
veg-oil: 0.7317073170731707
wheat: 0.44148936170212766
