numero arquivos;Não Encontrados;% Não Encontrados;Acertos em documentos definidos;Total Definido;Acurácia em Definidos;Acurácia Global
2263;0;0.0;1296;2263;0.5726911179849757;0.5726911179849757

matriz de confusao
 acq bop cocoa coffee corn cpi crude dlr earn gnp gold grain interest livestock money-fx money-supply nat-gas oilseed reserves ship soybean sugar trade veg-oil wheat
acq 45 1 3 6 1 1 1 2 6 9 4 0 2 0 2 11 2 0 0 0 0 0 3 0 1
bop 0 60 0 0 0 0 0 0 0 10 0 0 1 0 0 1 0 0 0 0 0 0 3 0 0
cocoa 0 0 43 4 0 0 0 0 0 3 0 0 0 0 0 2 0 0 0 0 0 1 2 0 0
coffee 0 1 3 81 0 0 0 0 0 6 0 0 2 0 0 0 0 2 0 1 0 0 3 1 0
corn 0 0 0 4 41 0 0 0 3 6 0 1 0 1 1 12 0 5 0 0 1 11 1 2 11
cpi 0 1 0 0 0 45 0 1 0 14 0 0 0 0 0 7 0 0 1 0 0 0 0 0 0
crude 0 0 0 1 0 1 59 1 3 10 0 0 0 0 0 4 10 0 0 6 1 0 3 1 0
dlr 0 0 0 0 0 0 0 73 0 3 0 0 3 0 1 14 0 0 0 0 0 0 6 0 0
earn 3 1 2 1 0 0 0 0 86 3 0 0 0 0 0 2 0 0 0 1 0 0 0 1 0
gnp 0 1 0 0 0 1 0 2 0 87 0 0 0 0 0 8 0 0 1 0 0 0 0 0 0
gold 0 0 0 1 0 1 0 1 0 5 79 0 0 1 0 3 0 0 2 0 0 1 0 0 0
grain 0 0 0 5 19 0 0 0 1 7 0 9 0 0 1 13 0 0 0 3 0 11 3 1 27
interest 0 1 0 2 0 0 0 4 0 5 0 0 64 0 0 24 0 0 0 0 0 0 0 0 0
livestock 0 1 0 4 1 0 0 1 2 4 0 0 0 41 0 2 0 1 0 0 0 1 5 2 10
money-fx 0 1 0 2 0 0 0 33 0 5 0 0 30 0 10 17 0 0 0 0 0 0 2 0 0
money-supply 0 10 0 0 0 0 0 1 2 7 0 0 4 0 0 75 0 1 0 0 0 0 0 0 0
nat-gas 1 1 0 1 0 4 12 0 3 4 0 0 1 0 1 1 44 0 0 0 0 1 0 0 1
oilseed 0 0 0 9 8 0 0 0 0 7 0 0 0 1 0 6 0 17 1 2 14 10 3 11 11
reserves 0 10 0 0 0 0 0 6 3 3 0 0 0 0 0 6 0 0 27 0 0 0 0 0 0
ship 0 0 1 6 2 0 0 1 3 4 0 2 1 0 1 1 0 0 0 64 0 6 5 0 3
soybean 0 1 0 6 10 0 0 0 0 7 0 0 0 1 0 4 0 11 1 0 17 6 2 7 5
sugar 0 0 3 4 2 0 0 0 0 4 0 0 0 0 0 1 0 3 0 1 0 77 3 1 1
trade 0 17 0 2 0 0 0 2 0 11 0 0 0 0 2 8 0 0 1 0 0 0 55 0 2
veg-oil 0 1 0 3 0 0 1 0 1 6 0 0 0 0 0 1 0 2 0 1 3 12 0 47 9
wheat 0 0 0 6 11 0 0 0 4 6 0 1 0 0 0 7 0 3 0 0 0 10 2 0 50
 
precision
acq: 0.45
bop: 0.8
cocoa: 0.7818181818181819
coffee: 0.81
corn: 0.41
cpi: 0.6521739130434783
crude: 0.59
dlr: 0.73
earn: 0.86
gnp: 0.87
gold: 0.8404255319148937
grain: 0.09
interest: 0.64
livestock: 0.5466666666666666
money-fx: 0.1
money-supply: 0.75
nat-gas: 0.5866666666666667
oilseed: 0.17
reserves: 0.4909090909090909
ship: 0.64
soybean: 0.21794871794871795
sugar: 0.77
trade: 0.55
veg-oil: 0.5402298850574713
wheat: 0.5
 
recall
acq: 0.9183673469387755
bop: 0.5555555555555556
cocoa: 0.7818181818181819
coffee: 0.5472972972972973
corn: 0.43157894736842106
cpi: 0.8490566037735849
crude: 0.8082191780821918
dlr: 0.5703125
earn: 0.7350427350427351
gnp: 0.3686440677966102
gold: 0.9518072289156626
grain: 0.6923076923076923
interest: 0.5925925925925926
livestock: 0.9111111111111111
money-fx: 0.5263157894736842
money-supply: 0.32608695652173914
nat-gas: 0.7857142857142857
oilseed: 0.37777777777777777
reserves: 0.7941176470588235
ship: 0.810126582278481
soybean: 0.4722222222222222
sugar: 0.5238095238095238
trade: 0.5445544554455446
veg-oil: 0.6351351351351351
wheat: 0.3816793893129771
