numero arquivos;Não Encontrados;% Não Encontrados;Acertos em documentos definidos;Total Definido;Acurácia em Definidos;Acurácia Global
2263;0;0.0;1306;2263;0.5771100309323907;0.5771100309323907

matriz de confusao
 acq bop cocoa coffee corn cpi crude dlr earn gnp gold grain interest livestock money-fx money-supply nat-gas oilseed reserves ship soybean sugar trade veg-oil wheat
acq 59 0 2 8 1 0 1 0 2 8 3 0 1 0 2 8 1 0 0 0 0 0 2 1 1
bop 0 57 0 0 0 0 0 0 0 11 0 0 1 0 0 3 0 0 0 0 0 0 3 0 0
cocoa 0 0 41 6 0 0 0 0 0 3 0 0 0 0 0 2 0 0 0 0 0 1 2 0 0
coffee 0 1 2 81 0 0 0 0 0 7 0 0 2 0 0 0 0 2 0 1 0 0 3 1 0
corn 0 0 0 3 42 0 0 1 3 7 0 1 0 1 1 12 0 5 0 0 1 10 1 2 10
cpi 0 0 0 0 0 43 0 1 0 18 0 0 0 0 0 7 0 0 0 0 0 0 0 0 0
crude 0 0 0 2 0 1 54 1 3 14 0 0 0 0 0 4 11 0 0 7 1 0 1 1 0
dlr 0 1 0 0 0 0 0 72 0 5 0 0 2 0 1 13 0 0 0 0 0 0 6 0 0
earn 2 0 1 1 0 0 0 0 89 3 0 0 0 0 0 2 0 0 0 1 0 0 0 1 0
gnp 0 1 0 0 0 1 0 1 0 91 0 0 0 0 0 6 0 0 0 0 0 0 0 0 0
gold 0 0 0 1 0 1 0 1 0 6 73 0 0 1 0 4 0 0 2 2 0 1 2 0 0
grain 0 0 0 3 21 1 0 0 0 8 0 8 0 0 1 10 0 0 0 3 0 13 5 0 27
interest 0 1 0 3 0 0 0 4 0 5 0 0 69 0 0 18 0 0 0 0 0 0 0 0 0
livestock 0 1 0 6 0 0 0 1 1 7 0 0 0 41 0 3 0 0 0 0 0 1 5 1 8
money-fx 0 2 0 2 0 0 0 30 0 7 0 0 31 0 11 14 0 0 0 0 0 0 3 0 0
money-supply 0 7 0 0 0 0 0 1 2 6 0 0 4 0 0 80 0 0 0 0 0 0 0 0 0
nat-gas 0 1 0 0 0 4 8 0 2 8 0 0 1 0 0 2 47 0 0 0 0 1 0 0 1
oilseed 0 0 0 9 8 0 0 0 0 8 0 0 0 1 0 8 0 18 2 2 13 7 3 10 11
reserves 0 10 0 0 0 0 0 5 2 5 0 0 0 0 0 8 0 0 25 0 0 0 0 0 0
ship 1 0 0 8 2 0 0 0 1 5 0 2 2 0 0 2 0 0 0 67 0 5 2 0 3
soybean 0 1 0 6 10 0 0 0 0 8 0 0 0 1 0 5 0 11 2 0 16 4 3 6 5
sugar 0 0 2 7 2 0 0 0 0 6 0 0 0 1 0 2 0 1 0 1 0 73 3 0 2
trade 0 15 0 3 0 0 0 2 0 12 0 0 0 0 1 7 0 0 1 1 0 0 58 0 0
veg-oil 0 0 0 4 0 0 2 0 1 7 0 0 0 0 0 3 0 2 0 1 3 9 4 42 9
wheat 0 0 0 5 11 0 0 1 4 6 0 1 0 0 0 6 0 3 0 0 0 10 4 0 49
 
precision
acq: 0.59
bop: 0.76
cocoa: 0.7454545454545455
coffee: 0.81
corn: 0.42
cpi: 0.6231884057971014
crude: 0.54
dlr: 0.72
earn: 0.89
gnp: 0.91
gold: 0.776595744680851
grain: 0.08
interest: 0.69
livestock: 0.5466666666666666
money-fx: 0.11
money-supply: 0.8
nat-gas: 0.6266666666666667
oilseed: 0.18
reserves: 0.45454545454545453
ship: 0.67
soybean: 0.20512820512820512
sugar: 0.73
trade: 0.58
veg-oil: 0.4827586206896552
wheat: 0.49
 
recall
acq: 0.9516129032258065
bop: 0.5816326530612245
cocoa: 0.8541666666666666
coffee: 0.5126582278481012
corn: 0.4329896907216495
cpi: 0.8431372549019608
crude: 0.8307692307692308
dlr: 0.5950413223140496
earn: 0.8090909090909091
gnp: 0.33579335793357934
gold: 0.9605263157894737
grain: 0.6666666666666666
interest: 0.6106194690265486
livestock: 0.8913043478260869
money-fx: 0.6470588235294118
money-supply: 0.34934497816593885
nat-gas: 0.7966101694915254
oilseed: 0.42857142857142855
reserves: 0.78125
ship: 0.7790697674418605
soybean: 0.47058823529411764
sugar: 0.5407407407407407
trade: 0.5272727272727272
veg-oil: 0.6461538461538462
wheat: 0.3888888888888889
