numero arquivos;Não Encontrados;% Não Encontrados;Acertos em documentos definidos;Total Definido;Acurácia em Definidos;Acurácia Global
2263;99;0.043747238179407864;1194;2164;0.5517560073937153;0.5276182059213433

matriz de confusao
 acq bop cocoa coffee corn cpi crude dlr earn gnp gold grain interest livestock money-fx money-supply nat-gas oilseed reserves ship soybean sugar trade veg-oil wheat
acq 10 2 0 0 2 8 0 1 1 0 7 0 3 0 0 23 5 0 1 0 2 0 0 0 0
bop 0 66 0 0 0 3 0 1 0 2 0 0 2 0 0 0 0 0 0 0 0 0 0 0 0
cocoa 0 0 49 2 0 1 0 0 0 0 0 0 0 0 0 2 0 0 0 0 1 0 0 0 0
coffee 0 3 3 83 0 4 0 0 0 1 0 0 2 0 0 1 0 2 0 0 1 0 0 0 0
corn 0 1 0 0 54 3 0 0 0 0 0 5 1 0 0 6 0 3 1 0 7 0 0 0 18
cpi 0 3 0 0 0 57 0 0 0 2 0 0 4 0 0 2 0 0 0 0 0 0 0 0 0
crude 0 5 0 1 0 13 22 0 1 0 2 0 7 0 1 8 14 0 2 8 2 0 0 0 0
dlr 0 2 0 0 0 3 0 72 0 0 0 0 16 0 0 7 0 0 0 0 0 0 0 0 0
earn 0 7 0 0 0 2 0 0 71 2 0 0 3 0 0 9 1 0 0 0 0 0 0 0 0
gnp 0 18 0 1 0 9 0 3 0 49 0 0 17 0 0 2 0 0 1 0 0 0 0 0 0
gold 0 0 0 0 0 2 1 0 0 0 89 0 0 0 0 0 0 0 2 0 0 0 0 0 0
grain 0 3 0 0 24 2 0 0 1 0 0 12 1 0 0 5 0 1 0 1 6 0 0 0 42
interest 0 4 0 0 0 0 0 2 0 1 0 0 72 0 0 20 0 0 0 0 0 0 0 0 0
livestock 0 1 0 0 4 8 0 0 3 1 0 1 2 46 0 3 0 0 0 0 0 0 0 1 1
money-fx 0 6 0 0 0 3 0 24 0 1 0 0 42 0 7 14 0 0 1 0 0 0 0 0 0
money-supply 0 21 0 0 0 7 0 0 3 2 0 0 10 0 0 57 0 0 0 0 0 0 0 0 0
nat-gas 0 1 0 0 0 11 1 0 0 0 0 0 1 0 0 8 47 0 4 0 0 1 0 0 1
oilseed 0 1 0 0 10 7 0 1 1 0 0 7 0 0 0 4 0 13 0 0 37 1 0 4 9
reserves 0 28 0 0 0 0 0 0 0 0 0 0 4 0 0 5 0 0 18 0 0 0 0 0 0
ship 0 0 0 1 2 3 0 0 0 0 0 6 3 0 0 6 0 0 0 57 0 4 0 2 5
soybean 0 0 0 0 13 4 0 1 0 1 0 2 0 0 0 1 0 8 0 0 42 0 0 1 5
sugar 0 0 2 1 4 7 0 0 0 1 0 0 0 1 0 1 0 2 0 0 0 76 0 0 4
trade 0 36 0 0 1 5 0 4 0 5 0 0 6 1 3 9 0 0 0 1 0 0 13 0 4
veg-oil 0 1 0 0 5 10 0 0 0 1 0 2 0 0 0 10 0 0 0 0 17 0 0 34 3
wheat 0 2 0 0 5 2 0 0 0 0 0 3 0 0 0 5 0 0 1 0 4 0 0 0 78
 
precision
acq: 0.15384615384615385
bop: 0.8918918918918919
cocoa: 0.8909090909090909
coffee: 0.83
corn: 0.5454545454545454
cpi: 0.8382352941176471
crude: 0.2558139534883721
dlr: 0.72
earn: 0.7473684210526316
gnp: 0.49
gold: 0.9468085106382979
grain: 0.12244897959183673
interest: 0.7272727272727273
livestock: 0.647887323943662
money-fx: 0.07142857142857142
money-supply: 0.57
nat-gas: 0.6266666666666667
oilseed: 0.1368421052631579
reserves: 0.32727272727272727
ship: 0.6404494382022472
soybean: 0.5384615384615384
sugar: 0.7676767676767676
trade: 0.14772727272727273
veg-oil: 0.40963855421686746
wheat: 0.78
 
recall
acq: 1.0
bop: 0.3127962085308057
cocoa: 0.9074074074074074
coffee: 0.9325842696629213
corn: 0.43548387096774194
cpi: 0.3275862068965517
crude: 0.9166666666666666
dlr: 0.6605504587155964
earn: 0.8765432098765432
gnp: 0.7101449275362319
gold: 0.9081632653061225
grain: 0.3157894736842105
interest: 0.3673469387755102
livestock: 0.9583333333333334
money-fx: 0.6363636363636364
money-supply: 0.27403846153846156
nat-gas: 0.7014925373134329
oilseed: 0.4482758620689655
reserves: 0.5806451612903226
ship: 0.8507462686567164
soybean: 0.35294117647058826
sugar: 0.926829268292683
trade: 1.0
veg-oil: 0.8095238095238095
wheat: 0.4588235294117647
