numero arquivos;Não Encontrados;% Não Encontrados;Acertos em documentos definidos;Total Definido;Acurácia em Definidos;Acurácia Global
2263;1377;0.6084843128590367;472;886;0.5327313769751693;0.208572691117985

matriz de confusao
 acq bop cocoa coffee corn cpi crude dlr earn gnp gold grain interest livestock money-fx money-supply nat-gas oilseed reserves ship soybean sugar trade veg-oil wheat
acq 12 0 0 0 0 0 0 0 0 0 1 0 0 0 0 6 0 0 0 0 0 0 0 0 0
bop 0 12 0 1 0 0 0 0 0 1 0 0 0 0 0 14 0 0 2 0 0 0 2 0 0
cocoa 0 0 16 0 0 0 0 0 0 0 0 0 0 0 0 5 0 0 0 0 0 0 0 0 0
coffee 0 0 3 34 0 0 0 0 0 0 0 0 0 0 0 0 0 0 0 0 1 0 0 0 0
corn 0 0 1 0 17 0 0 0 0 0 0 1 0 1 1 13 0 4 0 1 0 0 0 0 3
cpi 0 1 0 0 0 10 0 0 0 1 0 0 0 0 0 10 0 0 3 0 0 0 0 0 0
crude 1 0 0 1 0 0 26 0 0 0 0 0 0 0 0 9 13 0 0 2 0 0 0 0 0
dlr 0 2 0 0 0 0 0 23 0 0 0 0 0 0 1 29 0 0 0 0 0 0 5 0 0
earn 0 0 0 0 0 0 0 0 34 0 0 0 0 0 0 5 0 0 1 0 0 0 0 0 0
gnp 0 6 0 2 0 3 0 2 1 12 0 0 0 0 0 11 0 0 2 0 0 0 1 0 0
gold 1 0 0 0 0 0 0 0 0 0 46 0 0 0 0 0 0 0 0 0 0 0 0 0 0
grain 0 0 0 1 7 0 0 0 0 0 0 7 0 0 1 13 0 1 0 2 0 1 0 0 12
interest 0 1 0 0 0 0 0 3 0 1 0 0 11 0 0 17 0 0 0 0 0 0 0 0 0
livestock 0 0 0 0 0 0 0 0 0 0 0 0 0 24 0 2 0 1 0 0 0 2 0 0 1
money-fx 0 0 0 0 0 0 0 13 0 2 0 0 3 0 7 17 0 0 0 0 0 0 0 0 0
money-supply 0 1 0 0 0 0 0 0 0 0 0 0 0 0 1 44 0 0 0 0 0 0 0 0 0
nat-gas 0 0 0 0 0 0 9 0 0 0 0 0 0 0 0 2 15 0 0 0 0 1 0 0 0
oilseed 0 0 0 0 3 0 0 0 0 0 0 2 0 1 0 6 0 19 0 1 0 1 0 6 2
reserves 0 0 0 0 0 0 1 0 0 0 0 0 0 0 0 7 0 0 7 0 0 0 0 0 0
ship 0 0 0 1 0 0 1 0 0 0 0 0 0 0 0 0 0 0 0 19 0 0 0 1 1
soybean 0 0 1 0 3 0 0 0 0 0 0 1 0 1 0 5 0 13 0 0 4 0 0 3 2
sugar 0 0 2 0 2 0 0 0 0 0 0 0 0 0 0 4 0 1 0 1 1 14 0 0 0
trade 0 3 0 1 0 0 0 2 0 2 0 0 0 1 0 12 0 0 0 0 0 0 19 0 1
veg-oil 0 0 0 0 0 0 0 0 0 0 0 0 0 1 0 1 0 2 0 1 4 0 0 24 1
wheat 0 0 0 1 7 0 0 0 0 0 0 3 0 0 0 7 0 1 0 0 0 0 0 0 16
 
precision
acq: 0.631578947368421
bop: 0.375
cocoa: 0.7619047619047619
coffee: 0.8947368421052632
corn: 0.40476190476190477
cpi: 0.4
crude: 0.5
dlr: 0.38333333333333336
earn: 0.85
gnp: 0.3
gold: 0.9787234042553191
grain: 0.15555555555555556
interest: 0.3333333333333333
livestock: 0.8
money-fx: 0.16666666666666666
money-supply: 0.9565217391304348
nat-gas: 0.5555555555555556
oilseed: 0.4634146341463415
reserves: 0.4666666666666667
ship: 0.8260869565217391
soybean: 0.12121212121212122
sugar: 0.56
trade: 0.4634146341463415
veg-oil: 0.7058823529411765
wheat: 0.45714285714285713
 
recall
acq: 0.8571428571428571
bop: 0.46153846153846156
cocoa: 0.6956521739130435
coffee: 0.8095238095238095
corn: 0.4358974358974359
cpi: 0.7692307692307693
crude: 0.7027027027027027
dlr: 0.5348837209302325
earn: 0.9714285714285714
gnp: 0.631578947368421
gold: 0.9787234042553191
grain: 0.5
interest: 0.7857142857142857
livestock: 0.8275862068965517
money-fx: 0.6363636363636364
money-supply: 0.18410041841004185
nat-gas: 0.5357142857142857
oilseed: 0.4523809523809524
reserves: 0.4666666666666667
ship: 0.7037037037037037
soybean: 0.4
sugar: 0.7368421052631579
trade: 0.7037037037037037
veg-oil: 0.7058823529411765
wheat: 0.41025641025641024
