numero arquivos;Não Encontrados;% Não Encontrados;Acertos em documentos definidos;Total Definido;Acurácia em Definidos;Acurácia Global
2263;1260;0.556783031374282;559;1003;0.5573280159521435;0.24701723376049492

matriz de confusao
 acq bop cocoa coffee corn cpi crude dlr earn gnp gold grain interest livestock money-fx money-supply nat-gas oilseed reserves ship soybean sugar trade veg-oil wheat
acq 22 0 0 0 0 0 0 0 0 0 1 0 0 0 0 6 0 0 0 0 0 0 0 0 0
bop 0 13 0 1 0 0 0 0 0 1 0 0 0 0 0 14 0 0 2 0 0 0 2 0 0
cocoa 0 0 18 0 0 0 0 0 0 0 0 0 0 0 0 5 0 0 0 0 0 0 1 0 0
coffee 0 0 5 37 0 0 0 0 0 0 0 0 0 0 0 0 0 0 0 1 1 0 0 0 0
corn 0 0 1 0 19 0 0 0 0 0 0 1 0 1 1 13 0 4 0 1 0 0 1 0 3
cpi 0 1 0 0 0 13 0 0 0 1 0 0 0 0 0 10 0 0 3 0 0 0 0 0 0
crude 1 0 0 1 0 0 30 0 0 0 0 0 0 0 0 10 12 0 0 4 0 0 0 0 0
dlr 0 2 0 0 0 0 0 26 0 0 0 0 0 0 1 29 0 0 0 0 0 0 5 0 0
earn 0 0 0 0 0 0 0 0 38 0 0 0 0 0 0 5 0 0 1 0 0 0 0 0 0
gnp 0 6 0 2 0 3 0 2 0 15 0 0 0 0 0 11 0 0 2 0 0 0 1 0 0
gold 1 0 0 0 0 0 0 0 0 0 50 0 0 0 0 0 0 0 0 1 0 0 0 0 0
grain 0 0 0 1 9 0 0 0 0 0 0 9 0 0 1 13 0 1 0 2 0 1 1 0 13
interest 0 1 0 0 0 0 0 3 1 1 0 0 13 0 0 18 0 0 1 0 0 0 0 0 0
livestock 1 0 0 0 0 0 0 0 0 0 0 0 0 31 0 2 0 1 0 0 0 2 1 0 1
money-fx 0 0 0 0 0 0 0 14 0 2 0 0 5 0 8 18 0 0 0 0 0 0 1 0 0
money-supply 0 1 0 0 0 0 0 0 0 0 0 0 0 0 1 45 0 0 0 0 0 0 0 0 0
nat-gas 0 0 0 0 0 0 9 0 0 0 0 0 0 0 0 2 20 0 0 0 0 1 0 0 0
oilseed 0 0 0 1 3 0 0 0 0 0 0 2 0 1 0 6 0 20 0 1 0 1 0 6 2
reserves 0 0 0 0 0 0 0 0 0 0 0 0 0 0 0 7 0 0 11 0 0 0 0 0 0
ship 1 0 0 1 0 0 1 0 0 0 0 0 0 0 0 0 0 0 0 29 0 0 0 1 1
soybean 0 0 1 0 3 0 0 0 0 0 0 1 0 1 0 5 0 13 0 0 5 0 0 3 2
sugar 0 0 2 0 2 0 0 0 0 0 0 0 0 0 0 4 0 2 0 1 1 18 0 0 0
trade 0 3 0 1 0 0 0 2 0 3 0 0 0 2 0 12 0 0 0 0 1 0 24 0 0
veg-oil 0 1 0 0 0 0 0 0 0 0 0 0 0 2 0 1 0 2 0 1 5 0 1 28 1
wheat 0 0 0 1 8 0 0 0 0 0 0 3 0 0 0 7 0 1 0 0 0 0 0 0 17
 
precision
acq: 0.7586206896551724
bop: 0.3939393939393939
cocoa: 0.75
coffee: 0.8409090909090909
corn: 0.4222222222222222
cpi: 0.4642857142857143
crude: 0.5172413793103449
dlr: 0.4126984126984127
earn: 0.8636363636363636
gnp: 0.35714285714285715
gold: 0.9615384615384616
grain: 0.17647058823529413
interest: 0.34210526315789475
livestock: 0.7948717948717948
money-fx: 0.16666666666666666
money-supply: 0.9574468085106383
nat-gas: 0.625
oilseed: 0.46511627906976744
reserves: 0.6111111111111112
ship: 0.8529411764705882
soybean: 0.14705882352941177
sugar: 0.6
trade: 0.5
veg-oil: 0.6666666666666666
wheat: 0.4594594594594595
 
recall
acq: 0.8461538461538461
bop: 0.4642857142857143
cocoa: 0.6666666666666666
coffee: 0.8043478260869565
corn: 0.4318181818181818
cpi: 0.8125
crude: 0.75
dlr: 0.5531914893617021
earn: 0.9743589743589743
gnp: 0.6521739130434783
gold: 0.9803921568627451
grain: 0.5625
interest: 0.7222222222222222
livestock: 0.8157894736842105
money-fx: 0.6666666666666666
money-supply: 0.18518518518518517
nat-gas: 0.625
oilseed: 0.45454545454545453
reserves: 0.55
ship: 0.7073170731707317
soybean: 0.38461538461538464
sugar: 0.782608695652174
trade: 0.631578947368421
veg-oil: 0.7368421052631579
wheat: 0.425
