numero arquivos;Não Encontrados;% Não Encontrados;Acertos em documentos definidos;Total Definido;Acurácia em Definidos;Acurácia Global
2263;1148;0.5072912063632347;645;1115;0.57847533632287;0.28501988510826337

matriz de confusao
 acq bop cocoa coffee corn cpi crude dlr earn gnp gold grain interest livestock money-fx money-supply nat-gas oilseed reserves ship soybean sugar trade veg-oil wheat
acq 25 0 0 1 0 0 0 0 0 0 1 0 0 0 0 6 0 0 0 0 0 0 0 0 0
bop 0 15 0 1 0 0 0 0 0 2 0 0 0 0 0 14 0 0 2 0 0 0 1 0 0
cocoa 0 0 23 0 0 0 0 0 0 0 0 0 0 0 0 5 0 0 0 0 0 0 1 0 0
coffee 0 0 5 46 0 0 0 0 0 0 0 0 0 0 0 0 0 0 0 1 1 0 0 0 0
corn 0 0 1 0 22 0 0 0 0 0 0 1 0 1 1 13 0 5 0 1 0 0 1 0 3
cpi 0 1 0 0 0 15 0 0 0 2 0 0 0 0 0 10 0 0 3 0 0 0 0 0 0
crude 1 0 0 1 0 0 34 0 0 0 0 0 0 0 0 10 13 0 0 5 0 0 0 0 0
dlr 0 2 0 0 0 0 0 28 0 0 0 0 0 0 2 29 0 0 0 0 0 0 5 0 1
earn 0 0 0 0 0 0 0 0 42 0 0 0 0 0 0 5 0 0 1 0 0 0 0 0 0
gnp 0 6 0 2 0 3 0 2 0 23 0 0 0 0 0 11 0 0 2 0 0 0 1 0 0
gold 1 0 0 0 0 0 0 0 0 0 57 0 0 0 0 0 0 0 0 1 0 0 0 0 0
grain 0 0 0 1 12 0 0 0 0 0 0 8 0 0 1 13 0 2 0 2 0 1 1 0 16
interest 0 1 0 0 0 0 0 3 1 1 0 0 17 0 0 17 0 0 1 0 0 0 0 0 0
livestock 1 0 0 0 0 0 0 0 0 0 0 0 0 33 0 2 0 2 0 0 0 2 1 1 0
money-fx 0 1 0 0 0 0 0 14 0 2 0 0 7 0 12 17 0 0 0 0 0 0 1 0 0
money-supply 0 1 0 0 0 0 0 0 0 1 0 0 0 0 0 46 0 0 0 0 0 0 0 0 0
nat-gas 0 0 0 0 0 0 9 0 0 0 0 0 0 0 0 2 25 0 0 0 0 1 0 0 0
oilseed 0 0 0 1 4 0 0 0 0 0 0 2 0 1 0 6 0 24 0 2 0 1 0 6 2
reserves 0 0 0 0 0 0 0 0 0 0 0 0 0 0 0 7 0 0 11 0 0 0 0 0 0
ship 1 0 0 1 0 0 1 0 0 0 0 0 0 0 0 0 0 0 0 34 0 0 0 2 1
soybean 0 0 1 0 4 0 0 0 0 0 0 1 0 1 0 5 0 15 0 0 5 0 0 4 2
sugar 0 0 2 0 2 0 0 0 0 0 0 0 0 0 0 4 0 3 0 1 1 22 0 0 0
trade 0 3 0 1 0 0 0 2 0 3 0 0 0 2 0 12 0 0 0 0 1 0 26 0 0
veg-oil 0 1 0 0 0 0 0 0 0 0 0 0 0 2 0 1 0 3 0 1 4 0 1 32 1
wheat 0 0 0 1 8 0 0 0 0 0 0 2 0 0 0 7 0 3 0 0 0 0 0 1 20
 
precision
acq: 0.7575757575757576
bop: 0.42857142857142855
cocoa: 0.7931034482758621
coffee: 0.8679245283018868
corn: 0.4489795918367347
cpi: 0.4838709677419355
crude: 0.53125
dlr: 0.417910447761194
earn: 0.875
gnp: 0.46
gold: 0.9661016949152542
grain: 0.14035087719298245
interest: 0.4146341463414634
livestock: 0.7857142857142857
money-fx: 0.2222222222222222
money-supply: 0.9583333333333334
nat-gas: 0.6756756756756757
oilseed: 0.4897959183673469
reserves: 0.6111111111111112
ship: 0.85
soybean: 0.13157894736842105
sugar: 0.6285714285714286
trade: 0.52
veg-oil: 0.6956521739130435
wheat: 0.47619047619047616
 
recall
acq: 0.8620689655172413
bop: 0.4838709677419355
cocoa: 0.71875
coffee: 0.8214285714285714
corn: 0.4230769230769231
cpi: 0.8333333333333334
crude: 0.7727272727272727
dlr: 0.5714285714285714
earn: 0.9767441860465116
gnp: 0.6764705882352942
gold: 0.9827586206896551
grain: 0.5714285714285714
interest: 0.7083333333333334
livestock: 0.825
money-fx: 0.75
money-supply: 0.19008264462809918
nat-gas: 0.6578947368421053
oilseed: 0.42105263157894735
reserves: 0.55
ship: 0.7083333333333334
soybean: 0.4166666666666667
sugar: 0.8148148148148148
trade: 0.6666666666666666
veg-oil: 0.6956521739130435
wheat: 0.43478260869565216
