numero arquivos;Não Encontrados;% Não Encontrados;Acertos em documentos definidos;Total Definido;Acurácia em Definidos;Acurácia Global
2263;1069;0.47238179407865666;708;1194;0.592964824120603;0.31285903667697745

matriz de confusao
 acq bop cocoa coffee corn cpi crude dlr earn gnp gold grain interest livestock money-fx money-supply nat-gas oilseed reserves ship soybean sugar trade veg-oil wheat
acq 28 0 0 1 0 0 0 0 0 0 1 0 0 0 0 6 0 0 0 0 0 0 0 0 0
bop 0 16 0 1 0 0 0 0 0 2 0 0 0 0 0 14 0 0 2 0 0 0 1 0 0
cocoa 0 0 25 0 0 0 0 0 0 0 0 0 0 0 0 5 0 0 0 0 0 0 1 0 0
coffee 0 0 5 52 0 0 0 0 0 0 0 0 0 0 0 0 0 0 0 1 1 0 0 0 0
corn 1 0 1 0 23 0 0 0 0 0 0 1 0 1 1 13 0 5 0 1 0 0 1 0 3
cpi 0 1 0 0 0 16 0 0 0 1 0 0 0 0 0 10 0 0 3 0 0 0 0 0 0
crude 1 0 0 1 0 0 35 0 0 0 0 0 0 0 0 10 16 0 0 5 0 0 1 0 0
dlr 0 2 0 0 0 0 0 28 0 0 0 0 0 0 2 29 0 0 0 0 0 0 5 0 1
earn 0 0 0 0 0 0 0 0 48 0 0 0 0 0 0 5 0 0 1 0 0 0 0 0 0
gnp 0 6 0 2 0 4 0 2 0 24 0 0 0 0 0 11 0 0 2 0 0 0 2 0 0
gold 1 0 0 0 0 0 0 0 0 0 60 0 0 0 0 0 0 0 0 1 0 0 0 0 0
grain 1 0 0 1 12 0 0 0 0 0 0 9 0 0 1 13 0 2 0 3 0 2 1 0 18
interest 0 1 0 0 0 0 0 3 1 1 0 0 21 0 0 18 0 0 1 0 0 0 0 0 0
livestock 1 0 0 0 0 0 0 0 0 0 0 0 0 34 0 2 0 2 0 0 0 2 1 1 0
money-fx 0 1 0 0 0 0 0 14 0 2 0 0 8 0 12 18 0 0 0 0 0 0 1 0 0
money-supply 0 1 0 0 0 0 0 0 0 1 0 0 0 0 0 53 0 0 0 0 0 0 0 0 0
nat-gas 0 0 0 0 0 0 9 0 0 0 0 0 0 0 0 2 29 0 0 0 0 1 0 0 0
oilseed 0 0 0 1 4 0 0 0 0 0 0 2 0 1 0 6 0 24 0 2 0 1 0 6 2
reserves 0 0 0 0 0 0 0 0 0 0 0 0 0 0 0 8 0 0 11 0 0 0 0 0 0
ship 1 0 0 1 0 0 1 0 0 0 0 0 0 0 0 0 0 0 0 36 0 0 0 2 1
soybean 0 0 1 0 4 0 0 0 0 0 0 1 0 1 0 5 0 15 0 0 7 0 0 4 2
sugar 0 0 2 0 2 0 0 0 0 0 0 0 0 0 0 4 0 3 0 1 1 25 0 0 0
trade 0 3 0 1 0 0 0 2 0 2 0 0 0 2 0 12 0 0 0 0 1 0 31 0 0
veg-oil 0 1 0 0 0 0 0 0 0 0 0 0 0 2 0 1 0 3 0 1 5 0 1 35 1
wheat 0 0 0 1 8 0 0 0 0 0 0 2 0 0 0 7 0 3 0 0 0 1 0 1 26
 
precision
acq: 0.7777777777777778
bop: 0.4444444444444444
cocoa: 0.8064516129032258
coffee: 0.8813559322033898
corn: 0.45098039215686275
cpi: 0.5161290322580645
crude: 0.5072463768115942
dlr: 0.417910447761194
earn: 0.8888888888888888
gnp: 0.4528301886792453
gold: 0.967741935483871
grain: 0.14285714285714285
interest: 0.45652173913043476
livestock: 0.7906976744186046
money-fx: 0.21428571428571427
money-supply: 0.9636363636363636
nat-gas: 0.7073170731707317
oilseed: 0.4897959183673469
reserves: 0.5789473684210527
ship: 0.8571428571428571
soybean: 0.175
sugar: 0.6578947368421053
trade: 0.5740740740740741
veg-oil: 0.7
wheat: 0.5306122448979592
 
recall
acq: 0.8235294117647058
bop: 0.5
cocoa: 0.7352941176470589
coffee: 0.8387096774193549
corn: 0.4339622641509434
cpi: 0.8
crude: 0.7777777777777778
dlr: 0.5714285714285714
earn: 0.9795918367346939
gnp: 0.7272727272727273
gold: 0.9836065573770492
grain: 0.6
interest: 0.7241379310344828
livestock: 0.8292682926829268
money-fx: 0.75
money-supply: 0.21031746031746032
nat-gas: 0.6444444444444445
oilseed: 0.42105263157894735
reserves: 0.55
ship: 0.7058823529411765
soybean: 0.4666666666666667
sugar: 0.78125
trade: 0.6739130434782609
veg-oil: 0.7142857142857143
wheat: 0.48148148148148145
