numero arquivos;Não Encontrados;% Não Encontrados;Acertos em documentos definidos;Total Definido;Acurácia em Definidos;Acurácia Global
2263;1736;0.7671232876712328;228;527;0.43263757115749524;0.10075121520106053

matriz de confusao
 acq bop cocoa coffee corn cpi crude dlr earn gnp gold grain interest livestock money-fx money-supply nat-gas oilseed reserves ship soybean sugar trade veg-oil wheat
acq 4 0 0 0 0 0 0 0 0 0 2 0 0 0 0 6 0 0 0 0 0 0 0 0 0
bop 0 5 0 0 0 0 0 0 0 1 0 0 0 0 0 13 0 0 0 0 0 0 0 0 0
cocoa 0 0 2 1 0 0 0 0 0 0 0 0 0 0 0 5 0 0 0 0 0 0 0 0 0
coffee 0 0 0 19 0 0 0 0 0 0 0 0 0 0 0 0 0 0 0 0 1 0 0 0 0
corn 0 0 1 0 6 0 0 0 0 0 0 0 0 2 1 13 0 2 0 0 0 0 0 0 1
cpi 0 0 0 0 0 3 0 0 0 1 0 0 0 0 0 9 0 0 1 0 0 0 0 0 0
crude 0 0 0 0 0 0 11 0 0 0 0 0 0 0 0 9 2 0 0 4 0 0 0 0 0
dlr 0 2 0 0 0 1 0 11 0 0 0 0 0 0 0 28 0 0 0 0 0 0 3 0 0
earn 0 0 0 0 0 0 0 0 23 0 0 0 0 0 0 5 0 0 0 0 0 0 0 0 0
gnp 0 4 0 0 0 2 0 2 0 3 0 0 0 0 0 9 0 0 1 0 0 0 0 0 0
gold 0 0 0 0 0 0 0 0 0 0 25 0 0 0 0 0 0 0 0 0 0 0 0 0 0
grain 0 0 0 0 2 0 0 0 0 0 0 4 0 1 1 13 0 0 0 0 0 1 0 0 6
interest 0 0 0 0 0 0 0 1 0 1 0 0 4 0 0 15 0 0 0 0 0 0 0 0 0
livestock 0 0 0 0 0 0 0 0 0 0 0 0 0 9 0 2 0 0 0 0 0 1 0 0 0
money-fx 0 0 0 0 0 1 0 6 0 1 0 0 2 0 3 15 0 0 0 0 0 0 0 0 0
money-supply 0 0 0 0 0 1 0 0 0 0 0 0 0 0 0 38 0 0 0 0 0 0 0 0 0
nat-gas 0 0 0 0 0 0 8 0 0 0 0 0 0 0 0 2 2 0 0 0 0 0 0 0 0
oilseed 0 0 0 0 4 0 0 0 0 0 0 2 0 2 0 6 0 8 0 0 0 1 0 3 1
reserves 0 0 0 0 0 0 0 0 0 0 0 0 0 0 0 7 0 0 1 0 0 0 0 0 0
ship 0 0 0 0 0 0 0 0 0 0 0 0 0 0 0 0 0 0 0 11 0 0 0 1 0
soybean 0 0 0 1 4 0 0 0 0 0 0 1 0 2 0 5 0 7 0 0 2 0 0 3 1
sugar 0 0 0 0 0 0 0 0 0 0 0 0 0 0 0 4 0 0 0 0 1 7 0 0 0
trade 0 1 0 0 0 1 0 1 0 0 0 0 0 1 0 11 0 0 0 0 0 0 6 0 0
veg-oil 0 0 0 0 0 0 0 0 0 0 0 0 0 1 0 1 0 0 0 0 2 0 0 15 0
wheat 0 0 0 0 1 0 0 0 0 0 0 2 0 2 0 7 0 0 0 0 0 0 0 0 6
 
precision
acq: 0.3333333333333333
bop: 0.2631578947368421
cocoa: 0.25
coffee: 0.95
corn: 0.23076923076923078
cpi: 0.21428571428571427
crude: 0.4230769230769231
dlr: 0.24444444444444444
earn: 0.8214285714285714
gnp: 0.14285714285714285
gold: 1.0
grain: 0.14285714285714285
interest: 0.19047619047619047
livestock: 0.75
money-fx: 0.10714285714285714
money-supply: 0.9743589743589743
nat-gas: 0.16666666666666666
oilseed: 0.2962962962962963
reserves: 0.125
ship: 0.9166666666666666
soybean: 0.07692307692307693
sugar: 0.5833333333333334
trade: 0.2857142857142857
veg-oil: 0.7894736842105263
wheat: 0.3333333333333333
 
recall
acq: 1.0
bop: 0.4166666666666667
cocoa: 0.6666666666666666
coffee: 0.9047619047619048
corn: 0.35294117647058826
cpi: 0.3333333333333333
crude: 0.5789473684210527
dlr: 0.5238095238095238
earn: 1.0
gnp: 0.42857142857142855
gold: 0.9259259259259259
grain: 0.4444444444444444
interest: 0.6666666666666666
livestock: 0.45
money-fx: 0.6
money-supply: 0.17040358744394618
nat-gas: 0.5
oilseed: 0.47058823529411764
reserves: 0.3333333333333333
ship: 0.7333333333333333
soybean: 0.3333333333333333
sugar: 0.7
trade: 0.6666666666666666
veg-oil: 0.6818181818181818
wheat: 0.4
