numero arquivos;Não Encontrados;% Não Encontrados;Acertos em documentos definidos;Total Definido;Acurácia em Definidos;Acurácia Global
2263;1009;0.445868316394167;763;1254;0.6084529505582137;0.33716305788775963

matriz de confusao
 acq bop cocoa coffee corn cpi crude dlr earn gnp gold grain interest livestock money-fx money-supply nat-gas oilseed reserves ship soybean sugar trade veg-oil wheat
acq 31 0 0 1 0 0 0 0 0 0 2 0 0 0 0 6 0 0 0 0 0 0 0 0 0
bop 0 16 0 1 0 0 0 0 0 2 0 0 0 0 0 14 0 0 3 0 0 0 1 0 0
cocoa 0 0 25 0 0 0 0 0 0 0 0 0 0 0 0 5 0 0 0 0 0 0 1 0 0
coffee 0 0 5 56 0 0 0 0 0 0 0 0 0 0 0 0 0 0 0 1 1 0 0 0 0
corn 1 0 1 0 24 0 0 0 0 0 0 1 0 1 1 13 0 5 0 2 0 0 1 0 3
cpi 0 1 0 0 0 18 0 0 0 1 0 0 0 0 0 10 0 0 3 0 0 0 0 0 0
crude 1 0 0 1 0 0 39 0 0 0 0 0 0 0 0 10 15 0 0 5 0 0 1 0 0
dlr 0 2 0 0 0 0 0 29 0 0 0 0 0 0 2 29 0 0 0 0 0 0 5 0 1
earn 0 0 0 0 0 0 0 0 51 0 0 0 0 0 0 5 0 0 1 0 0 0 0 0 0
gnp 0 6 0 2 0 4 0 0 0 32 0 0 0 0 0 11 0 0 2 0 0 0 2 0 0
gold 1 0 0 0 0 0 0 0 0 0 64 0 0 0 0 0 0 0 0 1 0 0 0 0 0
grain 1 0 0 1 13 0 0 0 0 0 0 9 0 0 1 13 0 2 0 4 0 2 1 0 18
interest 0 1 0 0 0 0 0 3 1 1 0 0 22 0 0 18 0 0 0 0 0 0 0 0 0
livestock 0 0 0 0 0 0 0 0 0 0 0 0 0 37 0 2 0 2 0 0 0 2 2 1 0
money-fx 0 1 0 0 0 0 0 15 0 2 0 0 8 0 13 18 0 0 0 0 0 0 2 0 0
money-supply 0 1 0 0 0 0 0 0 0 1 0 0 0 0 0 56 0 0 0 0 0 0 0 0 0
nat-gas 0 0 0 0 0 0 10 0 0 0 0 0 0 0 0 2 28 0 0 0 0 1 0 0 0
oilseed 0 0 0 1 4 0 0 0 0 0 0 2 0 1 0 6 0 26 0 1 0 1 0 7 2
reserves 0 0 0 0 0 0 0 0 0 0 0 0 0 0 0 8 0 0 14 0 0 0 0 0 0
ship 1 0 0 1 0 0 1 0 0 0 0 0 0 0 0 0 0 1 0 39 0 0 0 2 1
soybean 0 0 1 0 4 0 0 0 0 0 0 1 0 1 0 5 0 16 0 0 7 0 0 4 2
sugar 0 0 2 0 2 0 0 0 0 0 0 0 0 0 0 4 0 3 0 1 1 27 0 0 0
trade 0 3 0 1 0 0 0 2 0 2 0 0 0 1 0 12 0 0 0 0 1 0 34 0 0
veg-oil 0 1 0 0 0 0 0 0 0 0 0 0 0 1 0 1 0 5 0 0 5 0 1 39 1
wheat 0 0 0 1 8 0 0 0 0 0 0 2 0 0 0 7 0 3 0 0 0 1 0 1 27
 
precision
acq: 0.775
bop: 0.43243243243243246
cocoa: 0.8064516129032258
coffee: 0.8888888888888888
corn: 0.4528301886792453
cpi: 0.5454545454545454
crude: 0.5416666666666666
dlr: 0.4264705882352941
earn: 0.8947368421052632
gnp: 0.5423728813559322
gold: 0.9696969696969697
grain: 0.13846153846153847
interest: 0.4782608695652174
livestock: 0.8043478260869565
money-fx: 0.22033898305084745
money-supply: 0.9655172413793104
nat-gas: 0.6829268292682927
oilseed: 0.5098039215686274
reserves: 0.6363636363636364
ship: 0.8478260869565217
soybean: 0.17073170731707318
sugar: 0.675
trade: 0.6071428571428571
veg-oil: 0.7222222222222222
wheat: 0.54
 
recall
acq: 0.8611111111111112
bop: 0.5
cocoa: 0.7352941176470589
coffee: 0.8484848484848485
corn: 0.43636363636363634
cpi: 0.8181818181818182
crude: 0.78
dlr: 0.5918367346938775
earn: 0.9807692307692307
gnp: 0.7804878048780488
gold: 0.9696969696969697
grain: 0.6
interest: 0.7333333333333333
livestock: 0.8809523809523809
money-fx: 0.7647058823529411
money-supply: 0.2196078431372549
nat-gas: 0.6511627906976745
oilseed: 0.4126984126984127
reserves: 0.6086956521739131
ship: 0.7222222222222222
soybean: 0.4666666666666667
sugar: 0.7941176470588235
trade: 0.6666666666666666
veg-oil: 0.7222222222222222
wheat: 0.4909090909090909
