numero arquivos;Não Encontrados;% Não Encontrados;Acertos em documentos definidos;Total Definido;Acurácia em Definidos;Acurácia Global
2263;954;0.4215642951833849;813;1309;0.6210847975553858;0.3592576226248343

matriz de confusao
 acq bop cocoa coffee corn cpi crude dlr earn gnp gold grain interest livestock money-fx money-supply nat-gas oilseed reserves ship soybean sugar trade veg-oil wheat
acq 37 0 0 0 0 0 0 0 0 0 2 0 0 0 0 6 0 0 0 0 0 0 0 0 0
bop 0 16 0 1 0 0 0 0 0 2 0 0 0 0 0 14 0 0 3 0 0 0 1 0 0
cocoa 0 0 25 0 0 0 0 0 0 0 0 0 0 0 0 5 0 0 0 0 0 0 1 0 0
coffee 0 0 5 58 0 0 0 0 0 0 0 0 0 0 0 0 0 0 0 1 1 0 0 0 0
corn 1 0 1 0 25 0 0 0 0 0 0 0 0 1 1 13 0 6 0 2 0 0 1 0 3
cpi 0 1 0 0 0 19 0 0 0 1 0 0 0 0 0 10 1 0 3 0 0 0 0 0 0
crude 1 0 0 1 0 0 43 0 0 0 0 0 0 0 0 10 16 0 0 6 0 0 1 0 0
dlr 0 2 0 0 0 0 0 31 0 0 0 0 0 0 2 29 0 0 0 0 0 0 5 0 1
earn 0 0 0 0 0 0 0 0 53 0 0 0 0 0 0 5 0 0 1 0 0 0 0 0 0
gnp 0 6 0 2 0 4 0 0 1 36 0 0 0 0 0 11 0 0 2 0 0 0 1 0 0
gold 1 0 0 0 0 0 0 0 0 0 65 0 0 0 0 0 0 0 0 1 0 0 0 0 0
grain 1 0 0 1 14 0 0 0 0 0 0 9 0 0 1 13 0 2 0 4 0 2 1 0 18
interest 0 1 0 0 0 0 0 3 1 1 0 0 24 0 0 18 0 0 0 0 0 0 0 0 0
livestock 0 0 0 0 0 0 0 0 0 0 0 0 0 39 0 2 0 3 0 0 0 2 1 2 0
money-fx 0 1 0 0 0 0 0 15 0 2 0 0 8 0 14 18 0 0 0 0 0 0 2 0 0
money-supply 0 1 0 0 0 0 0 0 0 1 0 0 0 0 0 60 0 0 0 0 0 0 0 0 0
nat-gas 0 0 0 0 0 0 10 0 0 0 0 0 0 0 0 2 31 0 0 0 0 1 0 0 0
oilseed 0 0 0 1 4 0 0 0 0 0 0 2 0 1 0 6 0 30 0 1 0 1 0 5 2
reserves 0 0 0 0 0 0 0 0 0 0 0 0 0 0 0 8 0 0 15 0 0 0 0 0 0
ship 1 0 0 1 0 0 1 0 0 0 0 0 0 0 0 0 0 1 0 45 0 0 0 2 1
soybean 0 0 1 0 4 0 0 0 0 0 0 1 0 1 0 5 0 17 0 0 8 0 0 2 2
sugar 0 0 2 0 2 0 0 0 0 0 0 0 0 0 0 4 0 3 0 1 1 28 0 0 0
trade 0 3 0 1 0 0 0 2 0 2 0 0 0 1 0 12 0 1 0 2 1 0 36 0 0
veg-oil 0 1 0 0 0 0 0 0 0 0 0 0 0 0 0 1 0 7 0 0 5 0 1 38 1
wheat 0 0 0 1 9 0 0 0 0 0 0 1 0 0 0 7 0 3 0 0 0 1 0 1 28
 
precision
acq: 0.8222222222222222
bop: 0.43243243243243246
cocoa: 0.8064516129032258
coffee: 0.8923076923076924
corn: 0.46296296296296297
cpi: 0.5428571428571428
crude: 0.5512820512820513
dlr: 0.44285714285714284
earn: 0.8983050847457628
gnp: 0.5714285714285714
gold: 0.9701492537313433
grain: 0.13636363636363635
interest: 0.5
livestock: 0.7959183673469388
money-fx: 0.23333333333333334
money-supply: 0.967741935483871
nat-gas: 0.7045454545454546
oilseed: 0.5660377358490566
reserves: 0.6521739130434783
ship: 0.8653846153846154
soybean: 0.1951219512195122
sugar: 0.6829268292682927
trade: 0.5901639344262295
veg-oil: 0.7037037037037037
wheat: 0.5490196078431373
 
recall
acq: 0.8809523809523809
bop: 0.5
cocoa: 0.7352941176470589
coffee: 0.8656716417910447
corn: 0.43103448275862066
cpi: 0.8260869565217391
crude: 0.7962962962962963
dlr: 0.6078431372549019
earn: 0.9636363636363636
gnp: 0.8
gold: 0.9701492537313433
grain: 0.6923076923076923
interest: 0.75
livestock: 0.9069767441860465
money-fx: 0.7777777777777778
money-supply: 0.23166023166023167
nat-gas: 0.6458333333333334
oilseed: 0.410958904109589
reserves: 0.625
ship: 0.7142857142857143
soybean: 0.5
sugar: 0.8
trade: 0.7058823529411765
veg-oil: 0.76
wheat: 0.5
