numero arquivos;Não Encontrados;% Não Encontrados;Acertos em documentos definidos;Total Definido;Acurácia em Definidos;Acurácia Global
2263;901;0.39814405656208574;860;1362;0.631424375917768;0.3800265134776845

matriz de confusao
 acq bop cocoa coffee corn cpi crude dlr earn gnp gold grain interest livestock money-fx money-supply nat-gas oilseed reserves ship soybean sugar trade veg-oil wheat
acq 39 0 0 0 0 0 0 0 0 0 2 0 0 0 0 6 0 0 0 0 0 0 0 0 0
bop 0 15 0 1 0 0 0 0 0 2 0 0 0 0 0 14 0 0 3 0 0 0 2 0 0
cocoa 0 0 29 0 0 0 0 0 0 0 0 0 0 0 0 5 0 0 0 0 0 0 1 0 0
coffee 0 0 5 62 0 0 0 0 0 0 0 0 0 0 0 0 0 0 0 1 1 0 0 0 0
corn 1 0 1 0 26 0 0 0 0 0 0 0 0 1 1 13 0 7 0 2 0 0 0 0 3
cpi 0 1 0 0 0 18 0 0 0 2 0 0 0 0 0 10 1 0 3 0 0 0 0 0 0
crude 1 0 0 1 0 0 44 0 0 0 0 0 0 0 0 10 17 0 0 6 0 0 1 0 0
dlr 0 2 0 0 0 0 0 34 0 0 0 0 0 0 2 29 0 0 0 0 0 0 5 0 1
earn 0 0 0 0 0 0 0 0 55 0 0 0 0 0 0 5 0 0 1 0 0 0 0 0 0
gnp 0 6 0 2 0 3 0 0 1 39 0 0 0 0 0 11 0 0 3 0 0 0 1 0 0
gold 1 0 0 0 0 0 0 0 0 0 67 0 0 0 0 0 0 0 0 1 0 0 0 0 0
grain 1 0 0 1 14 0 0 0 0 0 0 9 0 0 1 13 0 2 0 4 0 2 1 0 18
interest 0 1 0 0 0 0 0 3 1 1 0 0 26 0 0 18 0 0 0 0 0 0 0 0 0
livestock 0 0 0 0 0 0 0 0 0 0 0 0 0 39 0 2 0 3 0 0 0 2 1 2 0
money-fx 0 1 0 0 0 0 0 16 0 2 0 0 8 0 14 18 0 0 0 0 0 0 2 0 0
money-supply 0 1 0 0 0 0 0 0 0 1 0 0 0 0 0 60 0 0 0 0 0 0 0 0 0
nat-gas 0 0 0 0 0 0 9 0 0 0 0 0 0 0 0 2 38 0 0 0 0 1 0 0 0
oilseed 0 0 0 1 4 0 0 0 0 0 0 2 0 1 0 6 0 30 0 1 0 1 0 6 2
reserves 0 0 0 0 0 0 0 0 0 0 0 0 0 0 0 9 0 0 19 0 0 0 0 0 0
ship 1 0 0 1 0 0 1 0 0 0 0 0 0 0 0 0 0 1 0 50 0 0 0 2 1
soybean 0 0 1 0 4 0 0 0 0 0 0 1 0 1 0 5 0 17 0 0 10 0 0 2 2
sugar 0 0 2 0 2 0 0 0 0 0 0 0 0 0 0 4 0 3 0 1 1 29 0 0 0
trade 0 3 0 1 0 0 0 2 0 3 0 0 0 2 0 12 0 1 0 2 1 0 36 0 0
veg-oil 0 1 0 0 0 0 0 0 0 0 0 0 0 0 0 1 0 6 0 0 5 0 1 42 1
wheat 0 0 0 1 9 0 0 0 0 0 0 1 0 0 0 7 0 3 0 0 0 1 0 1 30
 
precision
acq: 0.8297872340425532
bop: 0.40540540540540543
cocoa: 0.8285714285714286
coffee: 0.8985507246376812
corn: 0.4727272727272727
cpi: 0.5142857142857142
crude: 0.55
dlr: 0.4657534246575342
earn: 0.9016393442622951
gnp: 0.5909090909090909
gold: 0.9710144927536232
grain: 0.13636363636363635
interest: 0.52
livestock: 0.7959183673469388
money-fx: 0.22950819672131148
money-supply: 0.967741935483871
nat-gas: 0.76
oilseed: 0.5555555555555556
reserves: 0.6785714285714286
ship: 0.8771929824561403
soybean: 0.23255813953488372
sugar: 0.6904761904761905
trade: 0.5714285714285714
veg-oil: 0.7368421052631579
wheat: 0.5660377358490566
 
recall
acq: 0.8863636363636364
bop: 0.4838709677419355
cocoa: 0.7631578947368421
coffee: 0.8732394366197183
corn: 0.4406779661016949
cpi: 0.8571428571428571
crude: 0.8148148148148148
dlr: 0.6181818181818182
earn: 0.9649122807017544
gnp: 0.78
gold: 0.9710144927536232
grain: 0.6923076923076923
interest: 0.7647058823529411
livestock: 0.8863636363636364
money-fx: 0.7777777777777778
money-supply: 0.23076923076923078
nat-gas: 0.6785714285714286
oilseed: 0.410958904109589
reserves: 0.6551724137931034
ship: 0.7352941176470589
soybean: 0.5555555555555556
sugar: 0.8055555555555556
trade: 0.7058823529411765
veg-oil: 0.7636363636363637
wheat: 0.5172413793103449
