numero arquivos;Não Encontrados;% Não Encontrados;Acertos em documentos definidos;Total Definido;Acurácia em Definidos;Acurácia Global
2263;812;0.3588157313300928;915;1451;0.6305995864920745;0.40433053468846664

matriz de confusao
 acq bop cocoa coffee corn cpi crude dlr earn gnp gold grain interest livestock money-fx money-supply nat-gas oilseed reserves ship soybean sugar trade veg-oil wheat
acq 63 0 0 0 0 0 0 0 0 0 1 0 0 0 0 6 1 0 0 0 0 0 0 0 0
bop 0 22 0 1 0 0 0 0 0 2 0 0 0 0 0 14 0 0 2 0 0 0 2 0 0
cocoa 0 0 30 0 0 0 0 0 0 0 0 0 0 0 0 5 0 0 0 0 0 0 1 0 0
coffee 0 0 6 76 0 0 0 0 0 0 0 0 0 0 0 0 0 0 0 1 1 0 0 0 0
corn 1 1 1 0 26 0 0 0 0 0 0 0 0 0 1 13 0 16 0 2 0 0 0 0 1
cpi 0 1 0 0 0 13 0 0 0 3 0 0 0 0 0 10 1 0 3 0 0 0 0 0 0
crude 1 0 0 1 0 0 50 0 0 0 0 0 0 0 0 9 18 0 0 7 0 0 1 0 0
dlr 0 2 0 0 0 0 0 28 0 0 0 0 0 0 2 29 0 0 0 0 0 0 5 0 1
earn 1 1 0 0 0 0 0 0 42 0 0 0 0 0 0 5 0 0 1 0 0 0 0 0 0
gnp 0 6 0 2 0 2 0 0 0 42 0 0 0 0 0 11 0 0 2 0 0 0 1 0 0
gold 2 0 0 0 0 0 0 0 0 0 75 0 0 0 0 0 0 0 0 0 0 0 0 0 0
grain 1 0 0 1 14 0 0 0 0 0 0 5 0 0 1 13 0 9 0 3 0 2 1 0 16
interest 0 1 0 0 0 0 0 3 1 2 0 0 10 0 0 18 0 0 1 0 0 0 0 0 0
livestock 0 0 0 0 0 0 0 0 0 0 0 0 0 39 0 2 0 4 0 1 0 2 1 2 0
money-fx 0 1 0 0 0 0 0 14 0 3 0 0 3 0 12 18 0 0 0 0 0 0 2 0 0
money-supply 0 1 0 0 0 0 0 0 0 1 0 0 0 0 0 56 0 0 0 0 0 0 0 0 0
nat-gas 0 0 0 0 0 0 5 0 0 0 0 0 0 0 0 2 53 0 0 0 0 1 0 0 0
oilseed 0 0 0 0 4 0 0 0 0 0 0 1 0 0 0 6 0 58 0 1 0 1 0 4 0
reserves 0 0 0 0 0 0 0 0 0 0 0 0 0 0 0 8 0 0 13 0 0 0 0 0 0
ship 1 0 0 1 0 0 1 0 0 0 0 0 0 0 0 0 0 2 0 66 0 0 0 1 0
soybean 0 0 1 0 4 0 0 0 0 0 0 1 0 1 0 5 0 37 0 0 3 0 0 2 0
sugar 0 0 3 0 2 0 0 0 0 0 0 0 0 0 0 4 0 3 0 2 1 31 0 0 0
trade 0 4 0 1 0 0 0 2 0 3 0 0 0 2 0 12 0 1 0 1 1 0 39 0 0
veg-oil 0 1 0 0 0 0 0 0 0 0 0 0 0 0 0 1 0 15 0 1 3 0 1 38 1
wheat 0 0 0 1 9 0 0 0 0 0 0 1 0 0 0 7 0 12 0 0 0 1 0 1 25
 
precision
acq: 0.8873239436619719
bop: 0.5116279069767442
cocoa: 0.8333333333333334
coffee: 0.9047619047619048
corn: 0.41935483870967744
cpi: 0.41935483870967744
crude: 0.5747126436781609
dlr: 0.417910447761194
earn: 0.84
gnp: 0.6363636363636364
gold: 0.974025974025974
grain: 0.07575757575757576
interest: 0.2777777777777778
livestock: 0.7647058823529411
money-fx: 0.22641509433962265
money-supply: 0.9655172413793104
nat-gas: 0.8688524590163934
oilseed: 0.7733333333333333
reserves: 0.6190476190476191
ship: 0.9166666666666666
soybean: 0.05555555555555555
sugar: 0.6739130434782609
trade: 0.5909090909090909
veg-oil: 0.6229508196721312
wheat: 0.43859649122807015
 
recall
acq: 0.9
bop: 0.5365853658536586
cocoa: 0.7317073170731707
coffee: 0.9047619047619048
corn: 0.4406779661016949
cpi: 0.8666666666666667
crude: 0.8928571428571429
dlr: 0.5957446808510638
earn: 0.9767441860465116
gnp: 0.75
gold: 0.9868421052631579
grain: 0.625
interest: 0.7692307692307693
livestock: 0.9285714285714286
money-fx: 0.75
money-supply: 0.2204724409448819
nat-gas: 0.726027397260274
oilseed: 0.36942675159235666
reserves: 0.5909090909090909
ship: 0.7764705882352941
soybean: 0.3333333333333333
sugar: 0.8157894736842105
trade: 0.7222222222222222
veg-oil: 0.7916666666666666
wheat: 0.5681818181818182
