numero arquivos;Não Encontrados;% Não Encontrados;Acertos em documentos definidos;Total Definido;Acurácia em Definidos;Acurácia Global
2263;744;0.3287671232876712;970;1519;0.6385780118499013;0.42863455589924876

matriz de confusao
 acq bop cocoa coffee corn cpi crude dlr earn gnp gold grain interest livestock money-fx money-supply nat-gas oilseed reserves ship soybean sugar trade veg-oil wheat
acq 66 0 0 0 0 0 0 0 0 0 1 0 0 0 0 6 1 0 0 0 0 0 0 0 0
bop 0 23 0 1 0 0 0 0 0 2 0 0 0 0 0 14 0 0 2 0 0 0 1 0 0
cocoa 0 0 32 0 0 0 0 0 0 0 0 0 0 0 0 5 0 0 0 0 0 0 1 0 0
coffee 0 0 7 76 0 0 0 0 0 0 0 0 0 0 0 0 0 0 0 1 1 0 0 0 0
corn 1 1 1 0 31 0 0 0 0 0 0 0 0 0 1 13 0 16 0 2 0 0 0 0 1
cpi 0 1 0 0 0 15 0 0 0 2 0 0 0 0 0 10 1 0 3 0 0 0 0 0 0
crude 1 0 0 1 0 0 51 0 0 0 0 0 0 0 0 9 18 0 0 7 0 0 1 0 0
dlr 0 2 0 0 0 0 0 34 0 0 0 0 0 0 2 29 0 0 0 0 0 0 5 0 1
earn 2 0 0 0 0 0 0 0 47 0 0 0 0 0 0 5 0 0 1 0 0 0 0 0 0
gnp 0 6 0 2 0 3 0 0 0 43 0 0 0 0 0 11 0 0 2 0 0 0 1 0 0
gold 2 0 0 0 0 0 0 0 0 0 80 0 0 0 0 0 0 0 0 0 0 0 0 0 0
grain 1 0 0 1 14 0 0 0 0 0 0 7 0 0 1 13 0 8 0 3 0 2 1 0 18
interest 0 1 0 0 0 0 0 3 1 2 0 0 13 0 0 18 0 0 1 0 0 0 0 0 0
livestock 0 0 0 0 0 0 0 0 0 0 0 0 0 40 0 2 0 4 0 1 0 2 1 2 0
money-fx 0 2 0 0 0 0 0 15 0 3 0 0 5 0 12 18 0 0 0 0 0 0 3 0 0
money-supply 0 1 0 0 0 0 0 0 0 1 0 0 0 0 0 58 0 0 0 0 0 0 0 0 0
nat-gas 0 0 0 0 0 0 5 0 0 0 0 0 0 0 0 2 53 0 0 0 0 1 0 0 0
oilseed 0 0 0 0 4 0 0 0 0 0 0 1 0 0 0 6 0 63 0 1 0 1 0 4 0
reserves 0 0 0 0 0 0 0 0 0 0 0 0 0 0 0 8 0 0 13 0 0 0 0 0 0
ship 1 0 0 1 0 0 1 0 0 0 0 0 0 0 0 0 0 2 0 66 0 0 0 1 0
soybean 0 0 1 0 4 0 0 0 0 0 0 1 0 1 0 5 0 39 0 0 4 0 0 2 0
sugar 0 0 4 0 2 0 0 0 0 0 0 0 0 0 0 4 0 3 0 2 1 35 0 0 0
trade 0 5 0 1 0 0 0 1 0 3 0 0 0 2 0 12 0 1 0 1 1 0 41 0 0
veg-oil 0 1 0 0 0 0 0 0 0 0 0 0 0 0 0 1 0 17 0 1 4 0 1 39 1
wheat 0 0 0 1 11 0 0 0 0 0 0 1 0 0 0 7 0 11 0 0 0 1 0 1 28
 
precision
acq: 0.8918918918918919
bop: 0.5348837209302325
cocoa: 0.8421052631578947
coffee: 0.8941176470588236
corn: 0.4626865671641791
cpi: 0.46875
crude: 0.5795454545454546
dlr: 0.4657534246575342
earn: 0.8545454545454545
gnp: 0.6323529411764706
gold: 0.975609756097561
grain: 0.10144927536231885
interest: 0.3333333333333333
livestock: 0.7692307692307693
money-fx: 0.20689655172413793
money-supply: 0.9666666666666667
nat-gas: 0.8688524590163934
oilseed: 0.7875
reserves: 0.6190476190476191
ship: 0.9166666666666666
soybean: 0.07017543859649122
sugar: 0.6862745098039216
trade: 0.6029411764705882
veg-oil: 0.6
wheat: 0.45901639344262296
 
recall
acq: 0.8918918918918919
bop: 0.5348837209302325
cocoa: 0.7111111111111111
coffee: 0.9047619047619048
corn: 0.4696969696969697
cpi: 0.8333333333333334
crude: 0.8947368421052632
dlr: 0.6415094339622641
earn: 0.9791666666666666
gnp: 0.7678571428571429
gold: 0.9876543209876543
grain: 0.7
interest: 0.7222222222222222
livestock: 0.9302325581395349
money-fx: 0.75
money-supply: 0.2265625
nat-gas: 0.726027397260274
oilseed: 0.38414634146341464
reserves: 0.5909090909090909
ship: 0.7764705882352941
soybean: 0.36363636363636365
sugar: 0.8333333333333334
trade: 0.7321428571428571
veg-oil: 0.7959183673469388
wheat: 0.5714285714285714
