numero arquivos;Não Encontrados;% Não Encontrados;Acertos em documentos definidos;Total Definido;Acurácia em Definidos;Acurácia Global
2263;1414;0.624834290764472;452;849;0.5323910482921084;0.19973486522315512

matriz de confusao
 acq bop cocoa coffee corn cpi crude dlr earn gnp gold grain interest livestock money-fx money-supply nat-gas oilseed reserves ship soybean sugar trade veg-oil wheat
acq 24 0 0 1 0 0 0 0 0 0 1 0 0 0 0 6 0 0 0 0 0 0 0 0 0
bop 0 8 0 1 0 0 0 0 0 1 0 0 0 0 0 13 0 0 0 0 0 0 2 0 0
cocoa 0 0 16 0 0 0 0 0 0 0 0 0 0 0 0 5 0 0 0 0 0 0 0 0 0
coffee 0 0 3 46 0 0 0 0 0 0 0 0 0 0 0 0 0 0 0 0 0 0 0 0 0
corn 0 0 1 0 15 0 0 0 0 0 0 0 0 1 1 13 0 6 0 1 0 0 0 0 3
cpi 0 1 0 0 0 1 0 0 0 1 0 0 0 0 0 9 0 0 3 0 0 0 0 0 0
crude 1 0 0 1 0 0 30 0 0 0 0 0 0 0 0 9 12 0 0 4 0 0 0 0 0
dlr 0 2 0 0 0 0 0 15 0 0 0 0 0 0 0 28 0 0 0 0 0 0 4 0 0
earn 0 0 0 0 0 0 0 0 23 0 0 0 0 0 0 5 0 0 0 0 0 0 0 0 0
gnp 0 6 0 2 0 1 0 3 0 6 0 0 0 0 0 10 0 0 2 0 0 0 1 0 0
gold 1 0 0 0 0 0 0 0 0 0 53 0 0 0 0 0 0 0 0 0 0 0 0 0 0
grain 0 0 0 1 7 0 0 0 0 0 0 2 0 0 1 13 0 3 0 2 0 1 0 0 12
interest 0 0 0 0 0 0 0 2 0 1 0 0 1 0 0 16 0 0 0 0 0 0 0 0 0
livestock 1 0 0 0 0 0 0 0 0 0 0 0 0 21 0 2 0 3 0 0 0 2 0 0 0
money-fx 0 0 0 0 0 0 0 9 0 2 0 0 0 0 3 15 0 0 0 0 0 0 1 0 0
money-supply 0 1 0 0 0 0 0 0 0 0 0 0 0 0 0 40 0 0 0 0 0 0 0 0 0
nat-gas 0 0 0 0 0 0 9 0 0 0 0 0 0 0 0 2 19 0 0 0 0 1 0 0 0
oilseed 0 0 0 1 3 0 0 0 0 0 0 1 0 1 0 6 0 28 0 0 0 1 0 4 2
reserves 0 0 0 0 0 0 1 0 0 0 0 0 0 0 0 7 0 0 3 0 0 0 0 0 0
ship 1 0 0 1 0 0 1 0 0 0 0 0 0 0 0 0 0 1 0 27 0 0 0 1 1
soybean 0 0 1 0 3 0 0 0 0 0 0 1 0 1 0 5 0 17 0 0 1 0 0 4 2
sugar 0 0 2 0 0 0 0 0 0 0 0 0 0 0 0 4 0 3 0 1 0 14 0 0 0
trade 0 1 0 1 0 0 0 1 0 1 0 0 0 1 0 11 0 1 0 0 0 0 17 0 1
veg-oil 0 0 0 0 0 0 0 0 0 0 0 0 0 1 0 1 0 6 0 0 1 0 0 23 1
wheat 0 0 0 1 7 0 0 0 0 0 0 1 0 0 0 7 0 4 0 0 0 0 0 0 16
 
precision
acq: 0.75
bop: 0.32
cocoa: 0.7619047619047619
coffee: 0.9387755102040817
corn: 0.36585365853658536
cpi: 0.06666666666666667
crude: 0.5263157894736842
dlr: 0.30612244897959184
earn: 0.8214285714285714
gnp: 0.1935483870967742
gold: 0.9814814814814815
grain: 0.047619047619047616
interest: 0.05
livestock: 0.7241379310344828
money-fx: 0.1
money-supply: 0.975609756097561
nat-gas: 0.6129032258064516
oilseed: 0.5957446808510638
reserves: 0.2727272727272727
ship: 0.8181818181818182
soybean: 0.02857142857142857
sugar: 0.5833333333333334
trade: 0.4857142857142857
veg-oil: 0.696969696969697
wheat: 0.4444444444444444
 
recall
acq: 0.8571428571428571
bop: 0.42105263157894735
cocoa: 0.6956521739130435
coffee: 0.8214285714285714
corn: 0.42857142857142855
cpi: 0.5
crude: 0.7317073170731707
dlr: 0.5
earn: 1.0
gnp: 0.5
gold: 0.9814814814814815
grain: 0.4
interest: 1.0
livestock: 0.8076923076923077
money-fx: 0.6
money-supply: 0.1762114537444934
nat-gas: 0.6129032258064516
oilseed: 0.3888888888888889
reserves: 0.375
ship: 0.7714285714285715
soybean: 0.5
sugar: 0.7368421052631579
trade: 0.68
veg-oil: 0.71875
wheat: 0.42105263157894735
