numero arquivos;Não Encontrados;% Não Encontrados;Acertos em documentos definidos;Total Definido;Acurácia em Definidos;Acurácia Global
2263;665;0.2938577110030932;1040;1598;0.6508135168961201;0.4595669465311533

matriz de confusao
 acq bop cocoa coffee corn cpi crude dlr earn gnp gold grain interest livestock money-fx money-supply nat-gas oilseed reserves ship soybean sugar trade veg-oil wheat
acq 74 0 0 0 0 0 0 0 0 0 1 0 0 0 0 6 1 0 0 0 0 0 0 0 0
bop 0 26 0 1 0 0 0 0 0 2 0 0 0 0 0 14 0 0 2 0 0 0 1 0 0
cocoa 0 0 34 0 0 0 0 0 0 0 0 0 0 0 0 5 0 0 0 0 0 0 1 0 0
coffee 0 0 7 77 0 0 0 0 0 0 0 0 0 0 0 0 0 0 0 1 1 0 0 0 0
corn 1 1 0 0 33 0 0 0 0 0 0 0 0 0 1 13 0 16 0 2 0 0 0 0 1
cpi 0 1 0 0 0 18 0 0 0 2 0 0 0 0 0 10 1 0 3 0 0 0 0 0 0
crude 1 0 0 1 0 0 53 0 0 0 0 0 0 0 0 9 19 0 0 7 0 0 1 0 0
dlr 0 2 0 0 0 0 0 37 0 0 0 0 0 0 2 29 0 0 0 0 0 0 5 0 1
earn 2 0 0 0 0 0 0 0 49 0 0 0 0 0 0 5 0 0 1 0 0 0 0 0 0
gnp 0 6 0 2 0 3 0 0 0 47 0 0 0 0 0 11 0 0 2 0 0 0 1 0 0
gold 2 0 0 0 0 0 0 0 0 0 80 0 0 0 0 0 0 0 0 0 0 0 0 0 0
grain 1 0 0 1 15 0 0 0 0 0 0 7 0 0 1 13 0 8 0 3 0 2 1 0 21
interest 0 1 0 0 0 0 0 3 1 2 0 0 21 0 0 18 0 0 1 0 0 0 0 0 0
livestock 0 0 0 0 0 0 0 0 0 0 0 0 0 43 0 2 0 4 0 1 0 2 1 1 0
money-fx 0 2 0 0 0 0 0 15 0 2 0 0 8 0 13 18 0 0 1 0 0 0 3 0 0
money-supply 0 1 0 0 0 0 0 0 0 1 0 0 0 0 0 60 0 0 0 0 0 0 0 0 0
nat-gas 0 0 0 0 0 0 5 0 0 0 0 0 0 0 0 2 54 0 0 0 0 1 0 0 0
oilseed 0 0 0 0 4 0 0 0 0 0 0 1 0 0 0 6 0 67 0 1 0 1 0 4 0
reserves 0 0 0 0 0 0 0 0 0 0 0 0 0 0 0 8 0 0 15 0 0 0 0 0 0
ship 0 0 0 1 0 0 1 0 0 0 0 0 0 0 0 0 0 2 0 71 0 0 0 1 0
soybean 0 0 1 0 4 0 0 0 0 0 0 1 0 1 0 5 0 43 0 0 5 0 0 2 0
sugar 0 0 4 0 2 0 0 0 0 0 0 0 0 0 0 4 0 3 0 2 1 37 0 0 0
trade 0 7 0 1 0 0 0 1 0 3 0 0 0 1 0 12 0 1 0 1 1 0 47 0 0
veg-oil 0 1 0 0 0 0 0 0 0 0 0 0 0 0 0 1 0 16 0 1 4 0 1 41 1
wheat 0 0 0 1 11 0 0 0 0 0 0 1 0 0 0 7 0 11 0 0 0 1 0 1 31
 
precision
acq: 0.9024390243902439
bop: 0.5652173913043478
cocoa: 0.85
coffee: 0.8953488372093024
corn: 0.4852941176470588
cpi: 0.5142857142857142
crude: 0.5824175824175825
dlr: 0.4868421052631579
earn: 0.8596491228070176
gnp: 0.6527777777777778
gold: 0.975609756097561
grain: 0.0958904109589041
interest: 0.44680851063829785
livestock: 0.7962962962962963
money-fx: 0.20967741935483872
money-supply: 0.967741935483871
nat-gas: 0.8709677419354839
oilseed: 0.7976190476190477
reserves: 0.6521739130434783
ship: 0.9342105263157895
soybean: 0.08064516129032258
sugar: 0.6981132075471698
trade: 0.6266666666666667
veg-oil: 0.6212121212121212
wheat: 0.484375
 
recall
acq: 0.9135802469135802
bop: 0.5416666666666666
cocoa: 0.7391304347826086
coffee: 0.9058823529411765
corn: 0.4782608695652174
cpi: 0.8571428571428571
crude: 0.8983050847457628
dlr: 0.6607142857142857
earn: 0.98
gnp: 0.7966101694915254
gold: 0.9876543209876543
grain: 0.7
interest: 0.7241379310344828
livestock: 0.9555555555555556
money-fx: 0.7647058823529411
money-supply: 0.23255813953488372
nat-gas: 0.72
oilseed: 0.391812865497076
reserves: 0.6
ship: 0.7888888888888889
soybean: 0.4166666666666667
sugar: 0.8409090909090909
trade: 0.7580645161290323
veg-oil: 0.82
wheat: 0.5636363636363636
