numero arquivos;Não Encontrados;% Não Encontrados;Acertos em documentos definidos;Total Definido;Acurácia em Definidos;Acurácia Global
2263;535;0.23641184268669907;1170;1728;0.6770833333333334;0.5170128148475475

matriz de confusao
 acq bop cocoa coffee corn cpi crude dlr earn gnp gold grain interest livestock money-fx money-supply nat-gas oilseed reserves ship soybean sugar trade veg-oil wheat
acq 81 0 0 0 0 0 0 0 0 0 1 0 0 0 0 6 2 0 0 0 0 0 0 0 0
bop 0 32 0 1 0 0 0 0 0 2 0 0 0 0 0 14 0 0 2 0 0 0 0 0 0
cocoa 0 0 36 0 0 0 0 0 0 0 0 0 0 0 0 5 0 0 0 0 0 0 1 0 0
coffee 0 0 7 81 0 0 0 0 0 0 0 0 0 0 0 0 0 0 0 1 1 0 0 0 0
corn 1 1 0 0 41 0 0 0 0 0 0 0 0 0 1 13 0 16 0 2 0 0 0 0 0
cpi 0 1 0 0 0 20 0 0 0 2 0 0 0 0 0 10 1 0 3 0 0 0 0 0 0
crude 1 0 0 1 0 0 59 0 0 0 0 0 0 0 0 9 18 0 0 7 0 0 1 0 0
dlr 0 2 0 0 0 0 0 43 0 0 0 0 0 0 1 29 0 0 0 0 0 0 3 0 1
earn 2 0 0 0 0 0 0 0 57 0 0 0 0 0 0 5 0 0 1 0 0 0 0 0 0
gnp 0 6 0 2 0 4 0 0 0 51 0 0 0 0 0 10 0 0 3 0 0 0 1 0 0
gold 2 0 0 0 0 0 0 0 0 0 83 0 0 0 0 0 0 0 0 0 0 0 0 0 0
grain 1 0 0 1 17 0 0 0 0 0 0 8 0 0 1 13 0 8 0 3 0 2 1 0 25
interest 0 1 0 0 0 0 0 3 1 2 0 0 28 0 0 18 0 0 0 0 0 0 0 0 0
livestock 0 0 0 0 0 0 0 0 0 0 0 0 0 45 0 2 0 3 0 1 0 2 2 1 0
money-fx 0 2 0 0 0 0 0 17 0 2 0 0 8 0 13 18 0 0 0 0 0 0 3 0 0
money-supply 0 1 0 0 0 0 0 0 0 0 0 0 0 0 0 65 0 0 0 0 0 0 0 0 0
nat-gas 0 0 0 0 0 0 5 0 0 0 0 0 0 0 0 2 62 0 0 0 0 1 0 0 0
oilseed 0 0 0 0 3 0 0 0 0 0 0 1 0 0 0 6 0 74 0 1 0 1 0 4 0
reserves 0 0 0 0 0 0 0 0 0 0 0 0 0 0 0 9 0 0 22 0 0 0 0 0 0
ship 1 0 0 1 0 0 0 0 0 0 0 0 0 0 0 0 0 1 0 80 0 0 0 1 0
soybean 0 0 1 0 3 0 0 0 0 0 0 1 0 0 0 5 0 47 0 0 6 0 0 2 0
sugar 0 0 4 0 2 0 0 0 0 0 0 0 0 0 0 4 0 3 0 2 1 46 0 0 0
trade 0 7 0 1 0 0 0 0 0 2 0 0 0 0 0 12 0 0 0 2 0 0 57 0 0
veg-oil 0 1 0 0 1 0 0 0 0 0 0 0 0 0 0 1 0 16 0 1 4 1 1 43 0
wheat 0 0 0 1 13 0 0 0 0 0 0 1 0 0 0 7 0 9 0 1 0 1 0 1 37
 
precision
acq: 0.9
bop: 0.6274509803921569
cocoa: 0.8571428571428571
coffee: 0.9
corn: 0.5466666666666666
cpi: 0.5405405405405406
crude: 0.6145833333333334
dlr: 0.5443037974683544
earn: 0.8769230769230769
gnp: 0.6623376623376623
gold: 0.9764705882352941
grain: 0.1
interest: 0.5283018867924528
livestock: 0.8035714285714286
money-fx: 0.20634920634920634
money-supply: 0.9848484848484849
nat-gas: 0.8857142857142857
oilseed: 0.8222222222222222
reserves: 0.7096774193548387
ship: 0.9523809523809523
soybean: 0.09230769230769231
sugar: 0.7419354838709677
trade: 0.7037037037037037
veg-oil: 0.6231884057971014
wheat: 0.5211267605633803
 
recall
acq: 0.9101123595505618
bop: 0.5925925925925926
cocoa: 0.75
coffee: 0.9101123595505618
corn: 0.5125
cpi: 0.8333333333333334
crude: 0.921875
dlr: 0.6825396825396826
earn: 0.9827586206896551
gnp: 0.8360655737704918
gold: 0.9880952380952381
grain: 0.7272727272727273
interest: 0.7777777777777778
livestock: 1.0
money-fx: 0.8125
money-supply: 0.24714828897338403
nat-gas: 0.7469879518072289
oilseed: 0.4180790960451977
reserves: 0.7096774193548387
ship: 0.7920792079207921
soybean: 0.5
sugar: 0.8518518518518519
trade: 0.8142857142857143
veg-oil: 0.8269230769230769
wheat: 0.5873015873015873
