numero arquivos;Não Encontrados;% Não Encontrados;Acertos em documentos definidos;Total Definido;Acurácia em Definidos;Acurácia Global
2263;1295;0.5722492266902341;531;968;0.5485537190082644;0.2346442775077331

matriz de confusao
 acq bop cocoa coffee corn cpi crude dlr earn gnp gold grain interest livestock money-fx money-supply nat-gas oilseed reserves ship soybean sugar trade veg-oil wheat
acq 25 0 0 1 0 0 0 0 0 0 1 0 0 0 0 6 0 0 0 0 0 0 0 0 0
bop 0 10 0 1 0 0 0 0 0 1 0 0 0 0 0 14 0 0 0 0 0 0 2 0 0
cocoa 0 0 17 0 0 0 0 0 0 0 0 0 0 0 0 5 0 0 0 0 0 0 0 0 0
coffee 0 0 4 52 0 0 0 0 0 0 0 0 0 0 0 0 0 0 0 1 1 0 0 0 0
corn 0 0 1 0 17 0 0 0 0 0 0 0 0 1 1 13 0 7 0 1 0 0 1 0 3
cpi 0 1 0 0 0 3 0 0 0 2 0 0 0 0 0 9 0 0 3 0 0 0 0 0 0
crude 1 0 0 1 0 0 32 0 0 0 0 0 0 0 0 9 17 0 0 5 0 0 0 0 0
dlr 0 2 0 0 0 1 0 20 0 0 0 0 0 0 0 28 0 0 0 0 0 0 5 0 0
earn 0 0 0 0 0 0 0 0 30 0 0 0 0 0 0 5 0 0 0 0 0 0 0 0 0
gnp 0 6 0 2 0 2 0 2 0 12 0 0 0 0 0 10 0 0 2 0 0 0 1 0 0
gold 1 0 0 0 0 0 0 0 0 0 58 0 0 0 0 0 0 0 0 1 0 0 0 0 0
grain 0 0 0 1 7 0 0 0 0 0 0 3 0 0 1 13 0 4 0 3 0 1 0 0 13
interest 0 1 0 0 0 0 0 3 1 1 0 0 4 0 0 17 0 0 0 0 0 0 0 0 0
livestock 1 0 0 0 0 0 0 0 0 0 0 0 0 24 0 2 0 3 0 0 0 2 0 0 0
money-fx 0 0 0 0 0 1 0 12 0 2 0 0 2 0 3 16 0 0 0 0 0 0 1 0 0
money-supply 0 1 0 0 0 1 0 0 0 0 0 0 0 0 0 43 0 0 0 0 0 0 0 0 0
nat-gas 0 0 0 0 0 0 8 0 0 0 0 0 0 0 0 2 28 0 0 0 0 1 0 0 0
oilseed 0 0 0 1 3 0 0 0 0 0 0 2 0 1 0 6 0 31 0 1 0 1 0 4 2
reserves 0 0 0 0 0 0 1 0 0 0 0 0 0 0 0 7 0 0 3 0 0 0 0 0 0
ship 1 0 0 1 0 0 1 0 0 0 0 0 0 0 0 0 0 1 0 36 0 0 0 1 1
soybean 0 0 1 0 3 0 0 0 0 0 0 1 0 1 0 5 0 17 0 0 3 0 0 3 2
sugar 0 0 2 0 2 0 0 0 0 0 0 0 0 0 0 4 0 3 0 1 1 15 0 0 0
trade 0 2 0 1 0 1 0 1 0 1 0 0 0 1 0 11 0 1 0 0 0 0 21 0 0
veg-oil 0 0 0 0 0 0 0 0 0 0 0 0 0 1 0 1 0 7 0 0 3 0 1 24 1
wheat 0 0 0 1 7 0 0 0 0 0 0 1 0 0 0 7 0 5 0 0 0 0 0 0 17
 
precision
acq: 0.7575757575757576
bop: 0.35714285714285715
cocoa: 0.7727272727272727
coffee: 0.896551724137931
corn: 0.37777777777777777
cpi: 0.16666666666666666
crude: 0.49230769230769234
dlr: 0.35714285714285715
earn: 0.8571428571428571
gnp: 0.32432432432432434
gold: 0.9666666666666667
grain: 0.06521739130434782
interest: 0.14814814814814814
livestock: 0.75
money-fx: 0.08108108108108109
money-supply: 0.9555555555555556
nat-gas: 0.717948717948718
oilseed: 0.5961538461538461
reserves: 0.2727272727272727
ship: 0.8571428571428571
soybean: 0.08333333333333333
sugar: 0.5357142857142857
trade: 0.525
veg-oil: 0.631578947368421
wheat: 0.4473684210526316
 
recall
acq: 0.8620689655172413
bop: 0.43478260869565216
cocoa: 0.68
coffee: 0.8387096774193549
corn: 0.4358974358974359
cpi: 0.3333333333333333
crude: 0.7619047619047619
dlr: 0.5263157894736842
earn: 0.967741935483871
gnp: 0.631578947368421
gold: 0.9830508474576272
grain: 0.42857142857142855
interest: 0.6666666666666666
livestock: 0.8275862068965517
money-fx: 0.6
money-supply: 0.18454935622317598
nat-gas: 0.6222222222222222
oilseed: 0.3924050632911392
reserves: 0.375
ship: 0.7346938775510204
soybean: 0.375
sugar: 0.75
trade: 0.65625
veg-oil: 0.75
wheat: 0.4358974358974359
