numero arquivos;Não Encontrados;% Não Encontrados;Acertos em documentos definidos;Total Definido;Acurácia em Definidos;Acurácia Global
2263;529;0.2337604949182501;1179;1734;0.6799307958477508;0.5209898365002209

matriz de confusao
 acq bop cocoa coffee corn cpi crude dlr earn gnp gold grain interest livestock money-fx money-supply nat-gas oilseed reserves ship soybean sugar trade veg-oil wheat
acq 81 0 0 0 0 0 0 0 0 0 1 0 0 0 0 6 2 0 0 0 0 0 0 0 0
bop 0 32 0 1 0 0 0 0 0 2 0 0 0 0 0 14 0 0 2 0 0 0 0 0 0
cocoa 0 0 36 0 0 0 0 0 0 0 0 0 0 0 0 5 0 0 0 0 0 0 1 0 0
coffee 0 0 7 81 0 0 0 0 0 0 0 0 0 0 0 0 0 0 0 1 1 0 0 0 0
corn 1 1 0 0 41 0 0 0 0 0 0 0 0 0 1 13 0 16 0 2 0 0 0 0 0
cpi 0 1 0 0 0 20 0 0 0 2 0 0 0 0 0 10 1 0 3 0 0 0 0 0 0
crude 1 0 0 1 0 0 60 0 0 0 0 0 0 0 0 9 17 0 0 7 0 0 1 0 0
dlr 0 2 0 0 0 0 0 45 0 0 0 0 0 0 0 29 0 0 0 0 0 0 3 0 1
earn 2 0 0 0 0 0 0 0 58 0 0 0 0 0 0 5 0 0 1 0 0 0 0 0 0
gnp 0 6 0 2 0 4 0 0 0 52 0 0 0 0 0 10 0 0 3 0 0 0 1 0 0
gold 2 0 0 0 0 0 0 0 0 0 83 0 0 0 0 0 0 0 0 0 0 0 0 0 0
grain 1 0 0 1 17 0 0 0 0 0 0 8 0 0 1 13 0 8 0 3 0 2 1 0 25
interest 0 1 0 0 0 0 0 3 0 2 0 0 29 0 0 18 0 0 0 0 0 0 0 0 0
livestock 0 0 0 0 0 0 0 0 0 0 0 0 0 46 0 2 0 3 0 1 0 2 2 1 0
money-fx 0 2 0 0 0 0 0 17 0 2 0 0 8 0 13 18 0 0 0 0 0 0 3 0 0
money-supply 0 1 0 0 0 0 0 0 0 0 0 0 0 0 0 65 0 0 0 0 0 0 0 0 0
nat-gas 0 0 0 0 0 0 5 0 0 0 0 0 0 0 0 2 62 0 0 0 0 1 0 0 0
oilseed 0 0 0 0 3 0 0 0 0 0 0 1 0 0 0 6 0 74 0 1 0 1 0 4 0
reserves 0 0 0 0 0 0 0 0 0 0 0 0 0 0 0 9 0 0 22 0 0 0 0 0 0
ship 1 0 0 1 0 0 0 0 0 0 0 0 0 0 0 0 0 1 0 80 0 0 0 1 0
soybean 0 0 1 0 3 0 0 0 0 0 0 1 0 0 0 5 0 47 0 0 6 0 0 2 0
sugar 0 0 4 0 2 0 0 0 0 0 0 0 0 0 0 4 0 3 0 2 1 46 0 0 0
trade 0 7 0 1 0 0 0 0 0 2 0 0 0 0 0 12 0 0 0 2 0 0 58 0 0
veg-oil 0 1 0 0 1 0 0 0 0 0 0 0 0 0 0 1 0 16 0 1 4 1 1 44 0
wheat 0 0 0 1 13 0 0 0 0 0 0 1 0 0 0 7 0 9 0 1 0 1 0 1 37
 
precision
acq: 0.9
bop: 0.6274509803921569
cocoa: 0.8571428571428571
coffee: 0.9
corn: 0.5466666666666666
cpi: 0.5405405405405406
crude: 0.625
dlr: 0.5625
earn: 0.8787878787878788
gnp: 0.6666666666666666
gold: 0.9764705882352941
grain: 0.1
interest: 0.5471698113207547
livestock: 0.8070175438596491
money-fx: 0.20634920634920634
money-supply: 0.9848484848484849
nat-gas: 0.8857142857142857
oilseed: 0.8222222222222222
reserves: 0.7096774193548387
ship: 0.9523809523809523
soybean: 0.09230769230769231
sugar: 0.7419354838709677
trade: 0.7073170731707317
veg-oil: 0.6285714285714286
wheat: 0.5211267605633803
 
recall
acq: 0.9101123595505618
bop: 0.5925925925925926
cocoa: 0.75
coffee: 0.9101123595505618
corn: 0.5125
cpi: 0.8333333333333334
crude: 0.9230769230769231
dlr: 0.6923076923076923
earn: 1.0
gnp: 0.8387096774193549
gold: 0.9880952380952381
grain: 0.7272727272727273
interest: 0.7837837837837838
livestock: 1.0
money-fx: 0.8666666666666667
money-supply: 0.24714828897338403
nat-gas: 0.7560975609756098
oilseed: 0.4180790960451977
reserves: 0.7096774193548387
ship: 0.7920792079207921
soybean: 0.5
sugar: 0.8518518518518519
trade: 0.8169014084507042
veg-oil: 0.8301886792452831
wheat: 0.5873015873015873
