numero arquivos;Não Encontrados;% Não Encontrados;Acertos em documentos definidos;Total Definido;Acurácia em Definidos;Acurácia Global
2263;452;0.19973486522315512;1267;1811;0.6996134732192159;0.5598762704374723

matriz de confusao
 acq bop cocoa coffee corn cpi crude dlr earn gnp gold grain interest livestock money-fx money-supply nat-gas oilseed reserves ship soybean sugar trade veg-oil wheat
acq 86 0 0 0 0 0 0 0 0 0 1 0 0 0 0 6 1 0 0 0 0 0 0 0 0
bop 0 37 0 1 0 0 0 0 0 2 0 0 0 0 0 14 0 0 2 0 0 0 0 0 0
cocoa 0 0 38 0 0 0 0 0 0 0 0 0 0 0 0 5 0 0 0 0 0 0 1 0 0
coffee 0 0 7 83 0 0 0 0 0 0 0 0 0 0 0 0 0 0 0 0 1 0 0 0 0
corn 1 0 0 0 43 0 0 0 0 0 0 0 0 0 1 13 0 16 0 2 0 0 0 0 0
cpi 0 1 0 0 0 22 0 0 0 2 0 0 0 0 0 10 1 0 3 0 0 0 0 0 0
crude 1 0 0 1 0 0 61 0 0 0 0 0 0 0 0 9 17 0 0 7 0 0 1 0 0
dlr 0 2 0 0 0 0 0 49 0 0 0 0 0 0 0 29 0 0 0 0 0 0 3 0 1
earn 2 0 0 0 0 0 0 0 73 0 0 0 0 0 0 5 0 0 1 0 0 0 0 0 0
gnp 0 6 0 2 0 4 0 0 0 57 0 0 0 0 0 10 0 0 3 0 0 0 1 0 0
gold 2 0 0 0 0 0 0 0 0 0 86 0 0 0 0 0 0 0 0 0 0 0 0 0 0
grain 1 0 0 1 17 0 0 0 0 0 0 9 0 0 1 13 0 8 0 3 0 2 1 0 25
interest 0 1 0 0 0 0 0 3 0 1 0 0 32 0 0 18 0 0 0 0 0 0 0 0 0
livestock 0 0 0 0 0 0 0 0 0 0 0 0 0 49 0 2 0 3 0 1 0 2 2 1 0
money-fx 0 2 0 0 0 0 0 17 0 2 0 0 8 0 16 18 0 0 0 0 0 0 3 0 0
money-supply 0 1 0 0 0 0 0 0 0 0 0 0 0 0 0 68 0 0 0 0 0 0 0 0 0
nat-gas 0 0 0 0 0 0 4 0 0 0 0 0 0 0 0 2 64 0 0 0 0 1 0 0 0
oilseed 0 0 0 0 3 0 0 0 0 0 0 1 0 0 0 6 0 75 0 1 0 0 0 4 0
reserves 0 0 0 0 0 0 0 0 0 0 0 0 0 0 0 9 0 0 24 0 0 0 0 0 0
ship 0 0 0 1 0 0 0 0 0 0 0 0 0 0 0 0 0 1 0 85 0 0 0 1 0
soybean 0 0 1 0 3 0 0 0 0 0 0 1 0 0 0 5 0 47 0 0 7 0 0 1 0
sugar 0 0 4 0 2 0 0 0 0 0 0 0 0 0 0 4 0 2 0 2 1 53 0 0 0
trade 0 7 0 1 0 0 0 0 0 2 0 0 0 0 0 12 0 0 0 1 0 0 63 0 0
veg-oil 0 1 0 0 1 0 0 0 0 0 0 0 0 0 0 1 0 16 0 1 4 1 1 46 0
wheat 0 0 0 1 13 0 0 0 0 0 0 1 0 0 0 7 0 8 0 1 0 1 0 1 41
 
precision
acq: 0.9148936170212766
bop: 0.6607142857142857
cocoa: 0.8636363636363636
coffee: 0.9120879120879121
corn: 0.5657894736842105
cpi: 0.5641025641025641
crude: 0.6288659793814433
dlr: 0.5833333333333334
earn: 0.9012345679012346
gnp: 0.6867469879518072
gold: 0.9772727272727273
grain: 0.1111111111111111
interest: 0.5818181818181818
livestock: 0.8166666666666667
money-fx: 0.24242424242424243
money-supply: 0.9855072463768116
nat-gas: 0.9014084507042254
oilseed: 0.8333333333333334
reserves: 0.7272727272727273
ship: 0.9659090909090909
soybean: 0.1076923076923077
sugar: 0.7794117647058824
trade: 0.7325581395348837
veg-oil: 0.6388888888888888
wheat: 0.5540540540540541
 
recall
acq: 0.9247311827956989
bop: 0.6379310344827587
cocoa: 0.76
coffee: 0.9120879120879121
corn: 0.524390243902439
cpi: 0.8461538461538461
crude: 0.9384615384615385
dlr: 0.7101449275362319
earn: 1.0
gnp: 0.8636363636363636
gold: 0.9885057471264368
grain: 0.75
interest: 0.8
livestock: 1.0
money-fx: 0.8888888888888888
money-supply: 0.2556390977443609
nat-gas: 0.7710843373493976
oilseed: 0.42613636363636365
reserves: 0.7272727272727273
ship: 0.8173076923076923
soybean: 0.5384615384615384
sugar: 0.8833333333333333
trade: 0.8289473684210527
veg-oil: 0.8518518518518519
wheat: 0.6119402985074627
