numero arquivos;Não Encontrados;% Não Encontrados;Acertos em documentos definidos;Total Definido;Acurácia em Definidos;Acurácia Global
2263;1186;0.5240830755634114;601;1077;0.5580315691736305;0.26557666813963765

matriz de confusao
 acq bop cocoa coffee corn cpi crude dlr earn gnp gold grain interest livestock money-fx money-supply nat-gas oilseed reserves ship soybean sugar trade veg-oil wheat
acq 28 0 0 1 0 0 0 0 0 0 1 0 0 0 0 6 0 0 0 0 0 0 0 0 0
bop 0 13 0 1 0 0 0 0 0 1 0 0 0 0 0 14 0 0 2 0 0 0 2 0 0
cocoa 0 0 22 0 0 0 0 0 0 0 0 0 0 0 0 5 0 0 0 0 0 0 1 0 0
coffee 0 0 5 58 0 0 0 0 0 0 0 0 0 0 0 0 0 0 0 1 1 0 0 0 0
corn 1 0 1 0 21 0 0 0 0 0 0 0 0 0 1 13 0 9 0 2 0 0 1 0 3
cpi 0 1 0 0 0 4 0 0 0 2 0 0 0 0 0 9 1 0 3 0 0 0 0 0 0
crude 1 0 0 1 0 0 35 0 0 0 0 0 0 0 0 9 17 0 0 5 0 0 0 0 0
dlr 0 2 0 0 0 1 0 21 0 0 0 0 0 0 0 28 0 0 0 0 0 0 5 0 1
earn 0 0 0 0 0 0 0 0 31 0 0 0 0 0 0 5 0 0 1 0 0 0 0 0 0
gnp 0 6 0 2 0 2 0 2 0 16 0 0 0 0 0 11 0 0 2 0 0 0 1 0 0
gold 1 0 0 0 0 0 0 0 0 0 61 0 0 0 0 0 0 0 0 1 0 0 0 0 0
grain 1 0 0 1 11 0 0 0 0 0 0 4 0 0 1 13 0 3 0 4 0 1 1 0 16
interest 0 1 0 0 0 0 0 3 1 1 0 0 5 0 0 17 0 0 0 0 0 0 0 0 0
livestock 1 0 0 0 0 0 0 0 0 0 0 0 0 26 0 2 0 3 0 0 0 2 0 1 0
money-fx 0 0 0 0 0 1 0 12 0 2 0 0 3 0 5 16 0 0 0 0 0 0 2 0 0
money-supply 0 1 0 0 0 1 0 0 0 0 0 0 0 0 1 43 0 0 0 0 0 0 0 0 0
nat-gas 0 0 0 0 0 0 9 0 0 0 0 0 0 0 0 2 31 0 0 0 0 1 0 0 0
oilseed 0 0 0 1 4 0 0 0 0 0 0 2 0 0 0 6 0 39 0 1 0 1 0 4 2
reserves 0 0 0 0 0 0 1 0 0 0 0 0 0 0 0 7 0 0 7 0 0 0 0 0 0
ship 1 0 0 1 0 0 1 0 0 0 0 0 0 0 0 0 0 1 0 41 0 0 0 2 1
soybean 0 0 1 0 4 0 0 0 0 0 0 1 0 0 0 5 0 23 0 0 3 0 0 3 2
sugar 0 0 2 0 2 0 0 0 0 0 0 0 0 0 0 4 0 3 0 1 1 15 0 0 0
trade 0 3 0 1 0 1 0 1 0 2 0 0 0 1 0 11 0 1 0 0 0 0 24 0 0
veg-oil 0 1 0 0 0 0 0 0 0 0 0 0 0 1 0 1 0 10 0 0 3 0 1 29 1
wheat 0 0 0 1 8 0 0 0 0 0 0 1 0 0 0 7 0 4 0 0 0 0 0 1 19
 
precision
acq: 0.7777777777777778
bop: 0.3939393939393939
cocoa: 0.7857142857142857
coffee: 0.8923076923076924
corn: 0.40384615384615385
cpi: 0.2
crude: 0.5147058823529411
dlr: 0.3620689655172414
earn: 0.8378378378378378
gnp: 0.38095238095238093
gold: 0.9682539682539683
grain: 0.07142857142857142
interest: 0.17857142857142858
livestock: 0.7428571428571429
money-fx: 0.12195121951219512
money-supply: 0.9347826086956522
nat-gas: 0.7209302325581395
oilseed: 0.65
reserves: 0.4666666666666667
ship: 0.8541666666666666
soybean: 0.07142857142857142
sugar: 0.5357142857142857
trade: 0.5333333333333333
veg-oil: 0.6170212765957447
wheat: 0.4634146341463415
 
recall
acq: 0.8235294117647058
bop: 0.4642857142857143
cocoa: 0.7096774193548387
coffee: 0.8529411764705882
corn: 0.42
cpi: 0.4
crude: 0.7608695652173914
dlr: 0.5384615384615384
earn: 0.96875
gnp: 0.6666666666666666
gold: 0.9838709677419355
grain: 0.5
interest: 0.625
livestock: 0.9285714285714286
money-fx: 0.625
money-supply: 0.18376068376068377
nat-gas: 0.6326530612244898
oilseed: 0.40625
reserves: 0.4666666666666667
ship: 0.7321428571428571
soybean: 0.375
sugar: 0.75
trade: 0.631578947368421
veg-oil: 0.725
wheat: 0.4222222222222222
