numero arquivos;Não Encontrados;% Não Encontrados;Acertos em documentos definidos;Total Definido;Acurácia em Definidos;Acurácia Global
2263;396;0.17498895271763146;1327;1867;0.710765934654526;0.586389748121962

matriz de confusao
 acq bop cocoa coffee corn cpi crude dlr earn gnp gold grain interest livestock money-fx money-supply nat-gas oilseed reserves ship soybean sugar trade veg-oil wheat
acq 89 0 0 0 0 0 0 0 0 0 1 0 0 0 0 6 1 0 0 0 0 0 0 0 0
bop 0 38 0 1 0 0 0 0 0 2 0 0 0 0 0 14 0 0 2 0 0 0 0 0 0
cocoa 0 0 39 0 0 0 0 0 0 0 0 0 0 0 0 5 0 0 0 0 0 0 1 0 0
coffee 0 0 7 84 0 0 0 0 0 0 0 0 0 0 0 0 0 0 0 0 1 0 0 0 0
corn 1 0 0 0 47 0 0 0 0 0 0 0 0 0 1 13 0 16 0 2 0 0 0 0 0
cpi 0 1 0 0 0 23 0 0 0 2 0 0 0 0 0 10 1 0 3 0 0 0 0 0 0
crude 1 0 0 1 0 0 63 0 0 0 0 0 0 0 0 9 16 0 0 7 0 0 1 0 0
dlr 0 2 0 0 0 0 0 50 0 0 0 0 0 0 0 29 0 0 0 0 0 0 3 0 1
earn 2 0 0 0 0 0 0 0 80 0 0 0 0 0 0 5 0 0 1 0 0 0 0 0 0
gnp 0 6 0 2 0 4 0 0 0 58 0 0 0 0 0 10 0 0 3 0 0 0 1 0 0
gold 2 0 0 0 0 0 0 0 0 0 86 0 0 0 0 0 0 0 0 0 0 0 0 0 0
grain 1 0 0 1 17 0 0 0 0 0 0 10 0 0 1 13 0 8 0 3 0 2 1 0 25
interest 0 1 0 0 0 0 0 3 0 1 0 0 38 0 0 18 0 0 0 0 0 0 0 0 0
livestock 0 0 0 0 0 0 0 0 0 0 0 0 0 51 0 2 0 3 0 1 0 2 2 1 0
money-fx 0 1 0 0 0 0 0 17 0 2 0 0 8 0 20 18 0 0 0 0 0 0 3 0 0
money-supply 0 1 0 0 0 0 0 0 0 0 0 0 0 0 0 72 0 0 0 0 0 0 0 0 0
nat-gas 0 0 0 0 0 0 3 0 0 0 0 0 0 0 0 2 65 0 0 0 0 1 0 0 0
oilseed 0 0 0 0 3 0 0 0 0 0 0 1 0 0 0 6 0 75 0 1 0 0 0 4 0
reserves 0 0 0 0 0 0 0 0 0 0 0 0 0 0 0 8 0 0 26 0 0 0 0 0 0
ship 0 0 0 1 0 0 0 0 0 0 0 0 0 0 0 0 0 1 0 87 0 0 0 1 0
soybean 0 0 1 0 3 0 0 0 0 0 0 1 0 0 0 5 0 47 0 0 9 0 0 1 0
sugar 0 0 4 0 2 0 0 0 0 0 0 0 0 0 0 4 0 2 0 2 1 59 0 0 0
trade 0 7 0 1 0 0 0 0 0 2 0 0 0 0 0 12 0 0 0 1 0 0 65 0 0
veg-oil 0 1 0 0 1 0 0 0 0 0 0 0 0 0 0 1 0 16 0 1 4 1 1 50 0
wheat 0 0 0 1 13 0 0 0 0 0 0 1 0 0 0 7 0 8 0 1 0 1 0 1 43
 
precision
acq: 0.9175257731958762
bop: 0.6666666666666666
cocoa: 0.8666666666666667
coffee: 0.9130434782608695
corn: 0.5875
cpi: 0.575
crude: 0.6428571428571429
dlr: 0.5882352941176471
earn: 0.9090909090909091
gnp: 0.6904761904761905
gold: 0.9772727272727273
grain: 0.12195121951219512
interest: 0.6229508196721312
livestock: 0.8225806451612904
money-fx: 0.2898550724637681
money-supply: 0.9863013698630136
nat-gas: 0.9154929577464789
oilseed: 0.8333333333333334
reserves: 0.7647058823529411
ship: 0.9666666666666667
soybean: 0.13432835820895522
sugar: 0.7972972972972973
trade: 0.7386363636363636
veg-oil: 0.6578947368421053
wheat: 0.5657894736842105
 
recall
acq: 0.9270833333333334
bop: 0.6551724137931034
cocoa: 0.7647058823529411
coffee: 0.9130434782608695
corn: 0.5465116279069767
cpi: 0.8518518518518519
crude: 0.9545454545454546
dlr: 0.7142857142857143
earn: 1.0
gnp: 0.8656716417910447
gold: 0.9885057471264368
grain: 0.7692307692307693
interest: 0.8260869565217391
livestock: 1.0
money-fx: 0.9090909090909091
money-supply: 0.26765799256505574
nat-gas: 0.7831325301204819
oilseed: 0.42613636363636365
reserves: 0.7428571428571429
ship: 0.8207547169811321
soybean: 0.6
sugar: 0.8939393939393939
trade: 0.8333333333333334
veg-oil: 0.8620689655172413
wheat: 0.6231884057971014
