numero arquivos;Não Encontrados;% Não Encontrados;Acertos em documentos definidos;Total Definido;Acurácia em Definidos;Acurácia Global
2263;1058;0.4675209898365002;706;1205;0.5858921161825726;0.3119752540874945

matriz de confusao
 acq bop cocoa coffee corn cpi crude dlr earn gnp gold grain interest livestock money-fx money-supply nat-gas oilseed reserves ship soybean sugar trade veg-oil wheat
acq 39 0 0 0 0 0 0 0 0 0 2 0 0 0 0 6 0 0 0 0 0 0 0 0 0
bop 0 15 0 1 0 0 0 0 0 2 0 0 0 0 0 14 0 0 2 0 0 0 1 0 0
cocoa 0 0 23 0 0 0 0 0 0 0 0 0 0 0 0 5 0 0 0 0 0 0 1 0 0
coffee 0 0 5 64 0 0 0 0 0 0 0 0 0 0 0 0 0 0 0 1 1 0 0 0 0
corn 1 0 1 0 23 0 0 0 0 0 0 0 0 0 1 13 0 11 0 2 0 0 1 0 2
cpi 0 1 0 0 0 5 0 0 0 2 0 0 0 0 0 10 1 0 3 0 0 0 0 0 0
crude 1 0 0 1 0 0 42 0 0 0 0 0 0 0 0 10 17 0 0 6 0 0 0 0 0
dlr 0 2 0 0 0 0 0 23 0 0 0 0 0 0 1 29 0 0 0 0 0 0 5 0 1
earn 0 0 0 0 0 0 0 0 34 0 0 0 0 0 0 5 0 0 1 0 0 0 0 0 0
gnp 0 6 0 2 0 2 0 2 0 23 0 0 0 0 0 11 0 0 2 0 0 0 1 0 0
gold 1 0 0 0 0 0 0 0 0 0 65 0 0 0 0 0 0 0 0 1 0 0 0 0 0
grain 1 0 0 1 12 0 0 0 0 0 0 4 0 0 1 13 0 6 0 4 0 1 1 0 17
interest 0 1 0 0 0 0 0 3 1 2 0 0 7 0 0 17 0 0 0 0 0 0 0 0 0
livestock 1 0 0 0 0 0 0 0 0 0 0 0 0 33 0 2 0 3 0 1 0 2 0 1 0
money-fx 0 1 0 0 0 0 0 13 0 3 0 0 3 0 7 17 0 0 0 0 0 0 1 0 0
money-supply 0 1 0 0 0 0 0 0 0 1 0 0 0 0 0 45 0 0 0 0 0 0 0 0 0
nat-gas 0 0 0 0 0 0 8 0 0 0 0 0 0 0 0 2 40 0 0 0 0 1 0 0 0
oilseed 0 0 0 1 4 0 0 0 0 0 0 2 0 0 0 6 0 44 0 1 0 1 0 5 1
reserves 0 0 0 0 0 0 0 0 0 0 0 0 0 0 0 7 0 0 8 0 0 0 0 0 0
ship 1 0 0 1 0 0 1 0 0 0 0 0 0 0 0 0 0 0 0 53 0 0 0 2 1
soybean 0 0 1 0 4 0 0 0 0 0 0 1 0 0 0 5 0 27 0 0 3 0 0 3 1
sugar 0 0 2 0 2 0 0 0 0 0 0 0 0 0 0 4 0 3 0 1 1 19 0 0 0
trade 0 3 0 1 0 0 0 2 0 3 0 0 0 2 0 12 0 1 0 2 0 0 27 0 0
veg-oil 0 1 0 0 0 0 0 0 0 0 0 0 0 1 0 1 0 12 0 0 3 0 1 35 1
wheat 0 0 0 1 8 0 0 0 0 0 0 1 0 0 0 7 0 7 0 0 0 0 0 1 25
 
precision
acq: 0.8297872340425532
bop: 0.42857142857142855
cocoa: 0.7931034482758621
coffee: 0.9014084507042254
corn: 0.41818181818181815
cpi: 0.22727272727272727
crude: 0.5454545454545454
dlr: 0.3770491803278688
earn: 0.85
gnp: 0.46938775510204084
gold: 0.9701492537313433
grain: 0.06557377049180328
interest: 0.22580645161290322
livestock: 0.7674418604651163
money-fx: 0.15555555555555556
money-supply: 0.9574468085106383
nat-gas: 0.7843137254901961
oilseed: 0.676923076923077
reserves: 0.5333333333333333
ship: 0.8983050847457628
soybean: 0.06666666666666667
sugar: 0.59375
trade: 0.5094339622641509
veg-oil: 0.6363636363636364
wheat: 0.5
 
recall
acq: 0.8666666666666667
bop: 0.4838709677419355
cocoa: 0.71875
coffee: 0.8767123287671232
corn: 0.4339622641509434
cpi: 0.7142857142857143
crude: 0.8235294117647058
dlr: 0.5348837209302325
earn: 0.9714285714285714
gnp: 0.6388888888888888
gold: 0.9701492537313433
grain: 0.5
interest: 0.7
livestock: 0.9166666666666666
money-fx: 0.7
money-supply: 0.18672199170124482
nat-gas: 0.6896551724137931
oilseed: 0.38596491228070173
reserves: 0.5
ship: 0.7361111111111112
soybean: 0.375
sugar: 0.7916666666666666
trade: 0.6923076923076923
veg-oil: 0.7446808510638298
wheat: 0.5102040816326531
