numero arquivos;Não Encontrados;% Não Encontrados;Acertos em documentos definidos;Total Definido;Acurácia em Definidos;Acurácia Global
2263;989;0.4370304904993372;763;1274;0.5989010989010989;0.33716305788775963

matriz de confusao
 acq bop cocoa coffee corn cpi crude dlr earn gnp gold grain interest livestock money-fx money-supply nat-gas oilseed reserves ship soybean sugar trade veg-oil wheat
acq 51 0 0 0 0 0 0 0 0 0 1 0 0 0 0 6 0 0 0 0 0 0 0 0 0
bop 0 16 0 1 0 0 0 0 0 2 0 0 0 0 0 14 0 0 2 0 0 0 1 0 0
cocoa 0 0 23 0 0 0 0 0 0 0 0 0 0 0 0 5 0 0 0 0 0 0 1 0 0
coffee 0 0 5 67 0 0 0 0 0 0 0 0 0 0 0 0 0 0 0 1 1 0 0 0 0
corn 1 0 1 0 23 0 0 0 0 0 0 0 0 0 1 13 0 13 0 2 0 0 1 0 1
cpi 0 1 0 0 0 5 0 0 0 2 0 0 0 0 0 10 1 0 3 0 0 0 0 0 0
crude 1 0 0 1 0 0 44 0 0 0 0 0 0 0 0 10 19 0 0 6 0 0 1 0 0
dlr 0 2 0 0 0 0 0 26 0 0 0 0 0 0 1 29 0 0 0 0 0 0 5 0 1
earn 1 0 0 0 0 0 0 0 35 0 0 0 0 0 0 5 0 0 1 0 0 0 0 0 0
gnp 0 6 0 2 0 2 0 0 0 33 0 0 0 0 0 11 0 0 2 0 0 0 2 0 0
gold 2 0 0 0 0 0 0 0 0 0 67 0 0 0 0 0 0 0 0 1 0 0 0 0 0
grain 1 0 0 1 12 0 0 0 0 0 0 5 0 0 1 13 0 9 0 3 0 1 1 0 16
interest 0 1 0 0 0 0 0 3 1 2 0 0 8 0 0 17 0 0 1 0 0 0 0 0 0
livestock 1 0 0 0 0 0 0 0 0 0 0 0 0 33 0 2 0 3 0 1 0 2 1 1 0
money-fx 0 1 0 0 0 0 0 14 0 3 0 0 3 0 7 17 0 0 0 0 0 0 2 0 0
money-supply 0 1 0 0 0 0 0 0 0 1 0 0 0 0 0 46 0 0 0 0 0 0 0 0 0
nat-gas 0 0 0 0 0 0 6 0 0 0 0 0 0 0 0 2 45 0 0 0 0 1 0 0 0
oilseed 0 0 0 0 4 0 0 0 0 0 0 2 0 0 0 6 0 49 0 1 0 1 0 5 0
reserves 0 0 0 0 0 0 0 0 0 0 0 0 0 0 0 7 0 0 10 0 0 0 0 0 0
ship 1 0 0 1 0 0 1 0 0 0 0 0 0 0 0 0 0 1 0 55 0 0 0 1 1
soybean 0 0 1 0 4 0 0 0 0 0 0 1 0 0 0 5 0 31 0 0 3 0 0 3 0
sugar 0 0 2 0 2 0 0 0 0 0 0 0 0 0 0 4 0 3 0 2 1 21 0 0 0
trade 0 3 0 1 0 0 0 2 0 2 0 0 0 1 0 12 0 1 0 2 0 0 32 0 0
veg-oil 0 1 0 0 0 0 0 0 0 0 0 0 0 1 0 1 0 13 0 1 3 0 1 36 1
wheat 0 0 0 1 8 0 0 0 0 0 0 1 0 0 0 7 0 10 0 0 0 0 0 1 23
 
precision
acq: 0.8793103448275862
bop: 0.4444444444444444
cocoa: 0.7931034482758621
coffee: 0.9054054054054054
corn: 0.4107142857142857
cpi: 0.22727272727272727
crude: 0.5365853658536586
dlr: 0.40625
earn: 0.8333333333333334
gnp: 0.5689655172413793
gold: 0.9571428571428572
grain: 0.07936507936507936
interest: 0.24242424242424243
livestock: 0.75
money-fx: 0.14893617021276595
money-supply: 0.9583333333333334
nat-gas: 0.8333333333333334
oilseed: 0.7205882352941176
reserves: 0.5882352941176471
ship: 0.9016393442622951
soybean: 0.0625
sugar: 0.6
trade: 0.5714285714285714
veg-oil: 0.6206896551724138
wheat: 0.45098039215686275
 
recall
acq: 0.864406779661017
bop: 0.5
cocoa: 0.71875
coffee: 0.8933333333333333
corn: 0.4339622641509434
cpi: 0.7142857142857143
crude: 0.8627450980392157
dlr: 0.5777777777777777
earn: 0.9722222222222222
gnp: 0.7333333333333333
gold: 0.9852941176470589
grain: 0.5555555555555556
interest: 0.7272727272727273
livestock: 0.9428571428571428
money-fx: 0.7
money-supply: 0.19008264462809918
nat-gas: 0.6923076923076923
oilseed: 0.3684210526315789
reserves: 0.5263157894736842
ship: 0.7333333333333333
soybean: 0.375
sugar: 0.8076923076923077
trade: 0.6666666666666666
veg-oil: 0.7659574468085106
wheat: 0.5348837209302325
