numero arquivos;Não Encontrados;% Não Encontrados;Acertos em documentos definidos;Total Definido;Acurácia em Definidos;Acurácia Global
2263;350;0.15466195315952275;1378;1913;0.7203345530580241;0.6089262041537782

matriz de confusao
 acq bop cocoa coffee corn cpi crude dlr earn gnp gold grain interest livestock money-fx money-supply nat-gas oilseed reserves ship soybean sugar trade veg-oil wheat
acq 91 0 0 0 0 0 0 0 0 0 0 0 0 0 0 6 1 0 0 0 0 0 0 0 0
bop 0 41 0 1 0 0 0 0 0 2 0 0 0 0 0 14 0 0 2 0 0 0 0 0 0
cocoa 0 0 39 0 0 0 0 0 0 0 0 0 0 0 0 5 0 0 0 0 0 0 1 0 0
coffee 0 0 7 87 0 0 0 0 0 0 0 0 0 0 0 0 0 0 0 0 1 0 0 0 0
corn 1 0 0 0 47 0 0 0 0 0 0 0 0 0 1 13 0 16 0 2 0 0 0 0 0
cpi 0 1 0 0 0 26 0 0 0 2 0 0 0 0 0 10 1 0 3 0 0 0 0 0 0
crude 1 0 0 1 0 0 63 0 0 0 0 0 0 0 0 9 16 0 0 7 0 0 1 0 0
dlr 0 2 0 0 0 0 0 50 0 0 0 0 0 0 0 29 0 0 0 0 0 0 3 0 1
earn 2 0 0 0 0 0 0 0 88 0 0 0 0 0 0 5 0 0 0 0 0 0 0 0 0
gnp 0 6 0 2 0 4 0 0 0 59 0 0 0 0 0 10 0 0 3 0 0 0 1 0 0
gold 2 0 0 0 0 0 0 0 0 0 87 0 0 0 0 0 0 0 0 0 0 0 0 0 0
grain 1 0 0 1 17 0 0 0 0 0 0 10 0 0 1 13 0 8 0 3 0 2 1 0 25
interest 0 1 0 0 0 0 0 3 0 1 0 0 42 0 0 18 0 0 0 0 0 0 0 0 0
livestock 0 0 0 0 0 0 0 0 0 0 0 0 0 56 0 2 0 3 0 0 0 2 2 1 0
money-fx 0 1 0 0 0 0 0 17 0 2 0 0 8 0 21 18 0 0 0 0 0 0 3 0 0
money-supply 0 1 0 0 0 0 0 0 0 0 0 0 0 0 0 73 0 0 0 0 0 0 0 0 0
nat-gas 0 0 0 0 0 0 2 0 0 0 0 0 0 0 0 2 67 0 0 0 0 1 0 0 0
oilseed 0 0 0 0 3 0 0 0 0 0 0 1 0 0 0 6 0 75 0 1 0 0 0 4 0
reserves 0 0 0 0 0 0 0 0 0 0 0 0 0 0 0 8 0 0 27 0 0 0 0 0 0
ship 0 0 0 1 0 0 0 0 0 0 0 0 0 0 0 0 0 1 0 88 0 0 0 1 0
soybean 0 0 1 0 3 0 0 0 0 0 0 1 0 0 0 5 0 47 0 0 9 0 0 1 0
sugar 0 0 4 0 2 0 0 0 0 0 0 0 0 0 0 4 0 2 0 2 1 64 0 0 0
trade 0 7 0 1 0 0 0 0 0 2 0 0 0 0 0 12 0 0 0 1 0 0 69 0 0
veg-oil 0 1 0 0 1 0 0 0 0 0 0 0 0 0 0 1 0 15 0 1 4 1 1 53 0
wheat 0 0 0 1 13 0 0 0 0 0 0 1 0 0 0 7 0 8 0 1 0 1 0 1 46
 
precision
acq: 0.9285714285714286
bop: 0.6833333333333333
cocoa: 0.8666666666666667
coffee: 0.9157894736842105
corn: 0.5875
cpi: 0.6046511627906976
crude: 0.6428571428571429
dlr: 0.5882352941176471
earn: 0.9263157894736842
gnp: 0.6941176470588235
gold: 0.9775280898876404
grain: 0.12195121951219512
interest: 0.6461538461538462
livestock: 0.8484848484848485
money-fx: 0.3
money-supply: 0.9864864864864865
nat-gas: 0.9305555555555556
oilseed: 0.8333333333333334
reserves: 0.7714285714285715
ship: 0.967032967032967
soybean: 0.13432835820895522
sugar: 0.810126582278481
trade: 0.75
veg-oil: 0.6794871794871795
wheat: 0.5822784810126582
 
recall
acq: 0.9285714285714286
bop: 0.6721311475409836
cocoa: 0.7647058823529411
coffee: 0.9157894736842105
corn: 0.5465116279069767
cpi: 0.8666666666666667
crude: 0.9692307692307692
dlr: 0.7142857142857143
earn: 1.0
gnp: 0.8676470588235294
gold: 1.0
grain: 0.7692307692307693
interest: 0.84
livestock: 1.0
money-fx: 0.9130434782608695
money-supply: 0.27037037037037037
nat-gas: 0.788235294117647
oilseed: 0.42857142857142855
reserves: 0.7714285714285715
ship: 0.8301886792452831
soybean: 0.6
sugar: 0.9014084507042254
trade: 0.8414634146341463
veg-oil: 0.8688524590163934
wheat: 0.6388888888888888
