numero arquivos;Não Encontrados;% Não Encontrados;Acertos em documentos definidos;Total Definido;Acurácia em Definidos;Acurácia Global
2263;118;0.05214317277949625;1077;2145;0.5020979020979021;0.4759169244365886

matriz de confusao
 acq bop cocoa coffee corn cpi crude dlr earn gnp gold grain interest livestock money-fx money-supply nat-gas oilseed reserves ship soybean sugar trade veg-oil wheat
acq 13 7 0 1 1 0 3 0 1 3 8 0 6 0 0 6 5 0 0 0 0 0 1 1 0
bop 0 53 0 1 0 0 0 0 0 4 0 0 5 0 0 11 0 0 0 0 0 0 0 1 0
cocoa 0 0 49 4 0 0 0 0 0 0 0 0 0 0 0 1 0 1 0 0 0 0 0 0 0
coffee 0 0 3 90 0 0 1 0 0 1 0 0 2 0 0 0 0 2 0 1 0 0 0 0 0
corn 0 1 1 0 43 0 1 0 0 0 1 0 1 0 1 13 0 12 0 0 2 2 2 6 12
cpi 0 3 0 2 0 1 8 2 0 7 0 0 11 0 0 9 1 0 1 0 0 0 0 1 1
crude 1 0 0 1 0 0 69 0 0 0 0 0 1 0 0 9 13 0 0 4 0 0 1 1 0
dlr 0 2 0 0 0 0 0 57 0 0 0 0 11 0 0 27 0 0 0 0 0 0 2 0 1
earn 0 5 0 0 0 0 1 0 68 8 1 0 6 0 0 2 0 0 0 0 0 0 0 1 0
gnp 0 12 0 2 0 1 0 1 0 63 0 0 10 0 0 9 0 0 1 0 0 0 0 1 0
gold 0 0 0 0 0 0 0 0 0 0 90 0 0 0 0 0 0 0 2 0 0 0 2 0 0
grain 0 1 0 1 16 0 0 0 1 0 0 1 1 0 1 13 0 8 0 2 1 2 3 3 41
interest 0 10 0 0 0 0 0 4 0 2 0 0 69 0 0 15 0 0 0 0 0 0 0 0 0
livestock 0 0 1 4 8 0 0 1 2 0 0 0 2 31 0 2 0 7 0 2 0 1 3 5 1
money-fx 0 7 0 0 0 0 0 27 0 3 1 0 41 0 3 15 1 0 0 0 0 0 1 0 0
money-supply 0 40 0 0 0 0 0 2 4 4 0 0 19 0 0 31 0 0 0 0 0 0 0 0 0
nat-gas 0 0 0 0 0 0 22 0 0 1 0 0 1 0 0 1 46 0 0 0 0 1 0 1 0
oilseed 0 1 0 1 13 0 5 1 0 0 0 1 0 0 0 6 0 25 0 4 21 0 1 10 7
reserves 0 35 0 0 0 0 0 1 0 2 0 0 7 0 0 7 0 0 3 0 0 0 0 0 0
ship 0 4 0 1 3 0 8 0 0 3 5 0 7 0 0 0 2 1 0 30 0 4 1 3 6
soybean 0 0 0 1 13 0 2 1 0 1 0 1 0 0 0 4 0 17 0 1 27 0 1 5 4
sugar 0 0 3 3 2 0 1 0 0 1 0 0 0 0 0 4 1 6 0 0 0 75 0 2 2
trade 0 22 0 1 1 0 2 7 0 8 0 0 6 0 3 10 0 1 0 0 0 0 32 5 0
veg-oil 0 1 0 0 2 0 18 0 0 1 0 0 1 0 0 1 0 2 0 3 5 0 3 42 7
wheat 0 2 0 1 11 0 0 0 1 0 0 1 1 0 0 7 0 3 0 0 0 0 4 3 66
 
precision
acq: 0.23214285714285715
bop: 0.7066666666666667
cocoa: 0.8909090909090909
coffee: 0.9
corn: 0.4387755102040816
cpi: 0.02127659574468085
crude: 0.69
dlr: 0.57
earn: 0.7391304347826086
gnp: 0.63
gold: 0.9574468085106383
grain: 0.010526315789473684
interest: 0.69
livestock: 0.44285714285714284
money-fx: 0.030303030303030304
money-supply: 0.31
nat-gas: 0.6301369863013698
oilseed: 0.2604166666666667
reserves: 0.05454545454545454
ship: 0.38461538461538464
soybean: 0.34615384615384615
sugar: 0.75
trade: 0.32653061224489793
veg-oil: 0.4883720930232558
wheat: 0.66
 
recall
acq: 0.9285714285714286
bop: 0.25728155339805825
cocoa: 0.8596491228070176
coffee: 0.7894736842105263
corn: 0.3805309734513274
cpi: 0.5
crude: 0.48936170212765956
dlr: 0.5480769230769231
earn: 0.8831168831168831
gnp: 0.5625
gold: 0.8490566037735849
grain: 0.25
interest: 0.3317307692307692
livestock: 1.0
money-fx: 0.375
money-supply: 0.15270935960591134
nat-gas: 0.6666666666666666
oilseed: 0.29411764705882354
reserves: 0.42857142857142855
ship: 0.6382978723404256
soybean: 0.48214285714285715
sugar: 0.8823529411764706
trade: 0.5614035087719298
veg-oil: 0.46153846153846156
wheat: 0.44594594594594594
