numero arquivos;Não Encontrados;% Não Encontrados;Acertos em documentos definidos;Total Definido;Acurácia em Definidos;Acurácia Global
2263;70;0.03093239063190455;1134;2193;0.5170998632010944;0.5011047282368537

matriz de confusao
 acq bop cocoa coffee corn cpi crude dlr earn gnp gold grain interest livestock money-fx money-supply nat-gas oilseed reserves ship soybean sugar trade veg-oil wheat
acq 16 5 0 1 1 0 2 0 1 3 8 0 4 0 0 6 6 0 0 0 2 0 5 2 0
bop 0 54 0 1 0 0 0 0 0 9 0 0 4 0 0 6 0 0 0 0 0 0 1 0 0
cocoa 0 0 46 4 0 0 0 0 0 0 0 0 0 0 0 1 0 0 0 0 0 3 1 0 0
coffee 0 0 3 89 0 0 1 0 0 0 0 0 2 0 0 0 0 2 0 1 0 2 0 0 0
corn 0 1 1 1 43 0 0 0 0 0 1 0 1 0 0 13 0 8 0 0 1 19 2 2 7
cpi 0 0 0 0 0 25 2 1 0 14 0 0 3 0 0 10 0 0 2 0 0 0 3 0 1
crude 1 0 0 1 0 0 66 0 1 1 0 0 0 0 0 9 13 0 0 4 0 0 2 2 0
dlr 0 0 0 0 0 0 0 65 0 3 0 0 6 0 0 24 0 0 0 0 0 0 1 0 1
earn 0 5 0 0 0 0 1 1 71 6 1 0 5 0 0 2 0 0 0 0 0 0 0 2 0
gnp 0 5 0 2 0 1 0 0 0 76 0 0 4 0 0 9 0 0 1 0 0 0 1 1 0
gold 0 0 0 0 0 0 0 0 0 0 92 0 0 0 0 0 0 0 2 0 0 0 0 0 0
grain 0 1 0 2 16 0 0 0 1 0 0 2 1 0 0 13 0 6 0 2 3 13 2 0 36
interest 0 2 0 0 0 0 0 4 0 4 0 0 61 0 0 29 0 0 0 0 0 0 0 0 0
livestock 0 0 1 0 8 0 0 0 2 1 0 0 2 30 0 2 0 7 0 1 0 7 11 1 1
money-fx 0 3 0 0 0 0 0 29 0 4 0 0 34 0 4 24 0 0 0 0 0 0 2 0 0
money-supply 0 31 0 1 0 1 0 1 3 4 0 0 14 0 0 38 0 0 0 0 6 0 1 0 0
nat-gas 0 0 0 0 0 0 16 0 0 1 1 0 1 0 0 1 50 0 0 0 0 3 1 0 1
oilseed 0 0 0 2 9 0 2 1 0 0 0 1 0 0 0 6 0 18 0 4 18 14 8 10 6
reserves 0 33 0 0 0 0 0 3 0 2 0 0 6 0 0 7 0 0 4 0 0 0 0 0 0
ship 0 2 0 2 3 0 6 1 0 3 2 1 7 0 0 0 2 2 0 35 1 9 6 1 3
soybean 0 0 0 2 9 0 1 1 0 0 0 1 0 0 0 4 0 12 0 1 23 11 3 6 4
sugar 0 0 3 4 2 0 1 0 0 0 0 0 0 0 0 4 1 5 0 0 0 78 0 1 1
trade 0 21 0 1 1 0 2 6 0 11 0 0 2 0 1 9 0 0 0 0 0 0 41 4 1
veg-oil 0 1 0 1 2 0 12 0 0 0 0 0 0 0 0 1 0 0 0 3 4 9 0 49 5
wheat 0 1 0 2 10 0 0 0 0 0 0 1 1 0 0 7 0 3 0 0 1 13 3 0 58
 
precision
acq: 0.25806451612903225
bop: 0.72
cocoa: 0.8363636363636363
coffee: 0.89
corn: 0.43
cpi: 0.4098360655737705
crude: 0.66
dlr: 0.65
earn: 0.7553191489361702
gnp: 0.76
gold: 0.9787234042553191
grain: 0.02040816326530612
interest: 0.61
livestock: 0.40540540540540543
money-fx: 0.04
money-supply: 0.38
nat-gas: 0.6666666666666666
oilseed: 0.18181818181818182
reserves: 0.07272727272727272
ship: 0.4069767441860465
soybean: 0.2948717948717949
sugar: 0.78
trade: 0.41
veg-oil: 0.5632183908045977
wheat: 0.58
 
recall
acq: 0.9411764705882353
bop: 0.32727272727272727
cocoa: 0.8518518518518519
coffee: 0.7672413793103449
corn: 0.41346153846153844
cpi: 0.9259259259259259
crude: 0.5892857142857143
dlr: 0.5752212389380531
earn: 0.8987341772151899
gnp: 0.5352112676056338
gold: 0.8761904761904762
grain: 0.3333333333333333
interest: 0.3860759493670886
livestock: 1.0
money-fx: 0.8
money-supply: 0.1688888888888889
nat-gas: 0.6944444444444444
oilseed: 0.2857142857142857
reserves: 0.4444444444444444
ship: 0.6862745098039216
soybean: 0.3898305084745763
sugar: 0.430939226519337
trade: 0.43617021276595747
veg-oil: 0.6049382716049383
wheat: 0.464
