numero arquivos;Não Encontrados;% Não Encontrados;Acertos em documentos definidos;Total Definido;Acurácia em Definidos;Acurácia Global
2263;0;0.0;1284;2263;0.5673884224480777;0.5673884224480777

matriz de confusao
 acq bop cocoa coffee corn cpi crude dlr earn gnp gold grain interest livestock money-fx money-supply nat-gas oilseed reserves ship soybean sugar trade veg-oil wheat
acq 84 0 0 3 0 0 0 0 0 3 4 0 0 0 0 4 0 0 0 1 0 0 1 0 0
bop 0 55 0 0 0 0 0 0 1 17 0 0 0 0 0 1 0 0 0 0 0 0 1 0 0
cocoa 0 0 40 8 0 0 0 0 0 4 0 0 0 0 0 1 0 0 0 0 0 1 1 0 0
coffee 0 1 3 92 0 0 0 0 0 4 0 0 0 0 0 0 0 0 0 0 0 0 0 0 0
corn 0 0 0 6 37 0 0 0 0 18 0 0 0 0 1 9 0 7 0 2 0 5 4 1 10
cpi 0 0 0 1 0 26 0 0 0 37 0 0 0 0 0 5 0 0 0 0 0 0 0 0 0
crude 1 0 0 3 0 1 60 0 0 13 0 0 0 0 0 2 10 0 0 7 0 0 3 0 0
dlr 0 1 0 2 0 0 1 68 0 10 0 0 2 0 1 11 0 0 0 0 0 0 4 0 0
earn 3 2 0 4 0 0 0 0 76 12 0 0 0 0 0 2 0 0 0 0 0 0 1 0 0
gnp 0 0 0 0 0 0 0 0 0 96 0 0 0 0 0 4 0 0 0 0 0 0 0 0 0
gold 0 0 0 1 0 0 0 0 0 9 79 0 0 1 0 0 0 0 2 1 0 1 0 0 0
grain 0 0 0 5 17 0 1 0 1 15 0 5 0 0 1 9 0 1 0 4 0 13 3 0 25
interest 0 1 0 3 0 0 1 2 0 14 0 0 63 0 1 14 0 0 0 0 0 0 1 0 0
livestock 0 1 0 8 0 0 0 0 0 10 0 0 0 37 0 2 0 0 0 0 0 3 8 0 6
money-fx 0 2 0 3 0 0 0 26 0 18 0 0 30 0 10 8 0 0 0 0 0 0 3 0 0
money-supply 0 6 0 1 0 0 0 0 1 16 0 0 1 0 0 75 0 0 0 0 0 0 0 0 0
nat-gas 2 1 0 2 0 2 10 0 0 10 0 0 0 0 0 0 46 0 0 0 0 1 1 0 0
oilseed 0 0 0 18 4 0 0 0 0 13 0 0 0 0 0 6 0 26 1 2 7 5 5 6 7
reserves 0 10 0 0 0 0 0 4 1 19 0 0 0 0 0 7 0 0 14 0 0 0 0 0 0
ship 3 0 0 2 1 0 0 0 0 8 0 0 0 0 0 0 0 0 0 81 0 2 1 1 1
soybean 0 1 0 16 6 0 0 0 0 14 0 0 0 0 0 4 0 16 1 0 10 2 3 3 2
sugar 0 0 3 8 2 0 0 0 0 16 0 0 0 0 0 1 0 1 0 2 0 65 2 0 0
trade 0 15 0 4 0 0 0 0 0 18 0 0 0 0 0 5 0 0 1 1 0 0 56 0 0
veg-oil 0 0 0 9 0 0 2 0 1 9 0 0 0 0 0 1 0 1 0 2 2 5 10 38 7
wheat 0 0 0 5 11 0 1 0 1 14 0 1 0 0 0 4 0 5 0 0 0 11 2 0 45
 
precision
acq: 0.84
bop: 0.7333333333333333
cocoa: 0.7272727272727273
coffee: 0.92
corn: 0.37
cpi: 0.37681159420289856
crude: 0.6
dlr: 0.68
earn: 0.76
gnp: 0.96
gold: 0.8404255319148937
grain: 0.05
interest: 0.63
livestock: 0.49333333333333335
money-fx: 0.1
money-supply: 0.75
nat-gas: 0.6133333333333333
oilseed: 0.26
reserves: 0.2545454545454545
ship: 0.81
soybean: 0.1282051282051282
sugar: 0.65
trade: 0.56
veg-oil: 0.4367816091954023
wheat: 0.45
 
recall
acq: 0.9032258064516129
bop: 0.5729166666666666
cocoa: 0.8695652173913043
coffee: 0.45098039215686275
corn: 0.47435897435897434
cpi: 0.896551724137931
crude: 0.7894736842105263
dlr: 0.68
earn: 0.926829268292683
gnp: 0.2302158273381295
gold: 0.9518072289156626
grain: 0.8333333333333334
interest: 0.65625
livestock: 0.9736842105263158
money-fx: 0.7142857142857143
money-supply: 0.42857142857142855
nat-gas: 0.8214285714285714
oilseed: 0.45614035087719296
reserves: 0.7368421052631579
ship: 0.7864077669902912
soybean: 0.5263157894736842
sugar: 0.5701754385964912
trade: 0.509090909090909
veg-oil: 0.7755102040816326
wheat: 0.4368932038834951
