numero arquivos;Não Encontrados;% Não Encontrados;Acertos em documentos definidos;Total Definido;Acurácia em Definidos;Acurácia Global
2263;0;0.0;1359;2263;0.6005302695536898;0.6005302695536898

matriz de confusao
 acq bop cocoa coffee corn cpi crude dlr earn gnp gold grain interest livestock money-fx money-supply nat-gas oilseed reserves ship soybean sugar trade veg-oil wheat
acq 90 0 0 0 0 0 0 0 0 3 4 0 0 0 0 1 1 0 0 0 0 0 1 0 0
bop 0 57 0 0 0 0 0 0 1 15 0 0 0 0 0 1 0 0 0 0 0 0 1 0 0
cocoa 0 0 40 8 0 0 0 0 0 4 0 0 0 0 0 1 0 0 0 0 0 1 1 0 0
coffee 0 0 3 92 0 0 0 0 0 5 0 0 0 0 0 0 0 0 0 0 0 0 0 0 0
corn 0 0 0 7 40 0 0 0 0 16 0 0 0 0 1 8 0 7 0 1 0 5 4 1 10
cpi 0 1 0 2 0 26 0 0 0 34 0 0 0 0 0 5 1 0 0 0 0 0 0 0 0
crude 1 0 0 4 0 0 62 0 0 10 0 0 0 0 0 1 13 0 0 7 0 0 2 0 0
dlr 0 1 0 1 0 0 1 75 0 10 0 0 0 0 1 9 0 0 0 0 0 0 2 0 0
earn 3 1 0 0 0 0 0 0 84 10 0 0 0 0 0 1 0 0 0 0 0 0 1 0 0
gnp 0 0 0 0 0 0 0 0 0 96 0 0 0 0 0 4 0 0 0 0 0 0 0 0 0
gold 0 0 0 0 0 0 0 0 0 5 85 0 0 1 0 0 0 0 2 0 0 1 0 0 0
grain 0 0 0 5 19 1 1 0 0 14 0 5 0 0 1 8 0 2 0 4 0 13 2 0 25
interest 0 1 0 3 0 0 1 2 0 13 0 0 63 0 1 15 0 0 0 0 0 0 1 0 0
livestock 0 0 0 5 0 0 0 0 0 7 0 0 0 46 0 1 0 0 0 0 0 3 7 1 5
money-fx 0 1 0 3 0 0 0 24 0 16 0 0 31 0 11 9 0 0 0 0 0 1 4 0 0
money-supply 0 5 0 0 0 0 0 0 1 14 0 0 1 0 0 79 0 0 0 0 0 0 0 0 0
nat-gas 2 0 0 0 0 2 7 0 0 8 0 0 0 0 0 0 55 0 0 0 0 1 0 0 0
oilseed 0 0 0 18 3 0 0 0 0 13 0 0 0 0 0 6 0 30 1 2 6 5 4 6 6
reserves 0 11 0 0 0 0 0 4 1 19 0 0 0 0 0 6 0 0 14 0 0 0 0 0 0
ship 3 0 0 2 1 0 0 0 0 6 0 0 0 0 0 0 0 0 0 83 0 2 1 1 1
soybean 0 1 0 15 5 0 0 0 0 14 0 0 0 0 0 4 0 19 1 0 9 2 2 4 2
sugar 0 0 3 6 2 0 0 0 0 16 0 0 0 0 0 1 0 0 0 2 0 67 3 0 0
trade 0 16 0 1 0 0 0 0 0 14 0 0 0 0 0 5 0 0 0 1 0 0 63 0 0
veg-oil 0 0 0 10 0 0 2 0 0 9 0 0 0 0 0 1 0 1 0 2 2 5 7 41 7
wheat 0 0 0 5 11 0 1 0 1 12 0 1 0 0 0 4 0 6 0 0 0 11 2 0 46
 
precision
acq: 0.9
bop: 0.76
cocoa: 0.7272727272727273
coffee: 0.92
corn: 0.4
cpi: 0.37681159420289856
crude: 0.62
dlr: 0.75
earn: 0.84
gnp: 0.96
gold: 0.9042553191489362
grain: 0.05
interest: 0.63
livestock: 0.6133333333333333
money-fx: 0.11
money-supply: 0.79
nat-gas: 0.7333333333333333
oilseed: 0.3
reserves: 0.2545454545454545
ship: 0.83
soybean: 0.11538461538461539
sugar: 0.67
trade: 0.63
veg-oil: 0.47126436781609193
wheat: 0.46
 
recall
acq: 0.9090909090909091
bop: 0.6
cocoa: 0.8695652173913043
coffee: 0.4919786096256685
corn: 0.49382716049382713
cpi: 0.896551724137931
crude: 0.8266666666666667
dlr: 0.7142857142857143
earn: 0.9545454545454546
gnp: 0.2506527415143603
gold: 0.9550561797752809
grain: 0.8333333333333334
interest: 0.6631578947368421
livestock: 0.9787234042553191
money-fx: 0.7333333333333333
money-supply: 0.4647058823529412
nat-gas: 0.7857142857142857
oilseed: 0.46153846153846156
reserves: 0.7777777777777778
ship: 0.8137254901960784
soybean: 0.5294117647058824
sugar: 0.5726495726495726
trade: 0.5833333333333334
veg-oil: 0.7592592592592593
wheat: 0.45098039215686275
